 0             9.999999744936261D-09       0            -2.466835880518997D-02       41            1200          360           0 
 1             9.99999963391396D-09        0            -1.975962446459906D-02       91            1200          360           0 
 2             9.99999968942511D-09        0            -1.494713981696134D-02       125           1200          360           0 
 3             5.762135954711645D-03       7.40355423151459           -1.466382164167431           124.9063951250973           1200          360          -5 
 4             .8629789176123281           28.03118384190608          -10.06925648531813           124.6328733380478           1200          348          -7 
 5            -4.7412617408031             48.59844454070896          -2.197205824166591           124.352084053662            1200          320           17 
 6            -35.56031522353642           69.18520203796351           18.72280735969311           124.00153727245             1200          295           37 
 7            -96.87239717950337           89.782949731168             34.04392692815314           123.5770479943316           1200          278           56 
 8            -176.0210127434733           102.307541938852            40.68667869948497           123.1018823550695           1200          274           69 
 9            -269.6324651865341           102.298498085307            44.35091275465738           122.577487641044            1200          272           80 
 10           -364.0742041443845           102.3056583051711           46.27560737434713           122.0492829270184           1200          271           72 
 11           -453.2253826627357           102.301548612837            46.6768250254313            121.540885712993            1200          270           76 
 12           -552.06415741355             102.2927401640095           46.42314225390197           120.9956034989674           1200          270           85 
 13           -650.9872501278976           102.2911494026836           45.77812309630475           120.4401737849417           1200          270           85 
 14           -749.7612330353602           102.2911494026836           44.74797522197057           119.884744070916            1200          270           85 
 15           -848.530438353179            102.2911494026836           43.33200031751004           119.3293143568902           1200          270           85 
 16           -947.2933589848046           102.2911494026836           41.5302199889647            118.7738846428645           1200          269           85 
 17           -1046.048487929607           102.2911494026836           39.3426617292842            118.2184549288387           1200          269           85 
 18           -1144.794318305785           102.2911494026836           36.76935891793308           117.663025214813            1200          269           85 
 19           -1243.529343373396           102.2911494026836           33.8103508203246            117.1075955007873           1200          269           85 
 20           -1341.225602816854           102.2943733647683           30.5035014028712            116.5521657867615           1200          268           85 
 21           -1444.14831647675            102.293543307381            26.61460279542465           115.998573572736            1200          268           85 
 22           -1543.140678548304           102.2911271937765           22.47966298159165           115.4431438587102           1200          268           85 
 23           -1641.801057507188           102.2911271937765           18.03409272878175           114.8877141446845           1200          268           85 
 24           -1740.498749914763           102.2911271937765           14.54035923197995           114.3322844306587           1200          269           85 
 25           -1839.98849199496            102.2949990747082           12.36904518824331           113.776854716633            1200          269           85 
 26           -1935.23388500098            100.9876486949985           10.23630211170396           113.2450599226034           1200          269           70 
 27           -2014.198705150176           80.9203617539268            8.000376349406881           112.7698636101184           1200          269           54 
 28           -2073.707437322334           60.73189438392026           5.839853785102532           112.3519470058234           1200          268           38 
 29           -2115.388263069438           39.72007472730003           3.903906027590188           111.9909628997301           1200          267           24 
 30           -2153.065154397603           19.08408655284424           1.674347049046566           111.6404262927557           1200          267           30 
 31           -2177.703538153402           0            -3.405552863599273D-02       111.3386112239653           1200          266           0 
 32           -2180.055822482125           16.0445493294242           -.496248328576183            111.1367475796395           1200          255           4 
 33           -2182.42029138196            36.68135537850115          -1.51799634500958            110.877841417591            1200          228          -1 
 34           -2180.478975669942           57.31639507210846           2.313067317840591           110.6142552557335           1200          197          -5 
 35           -2180.376819412026           77.92948253884428           5.880515969788105           110.350852844006            1200          158          -1 
 36           -2176.463071158332           98.52753163576293           2.657938514412802           110.083674182655            1200          121           10 
 37           -2146.611241676378           105.6535781603452          -2.764349628949955           109.7494414407345           1200          89            35 
 38           -2080.284528323617           105.6120578802208           12.326357025025             109.3090617190752           1200          72            66 
 39           -2000.495088093014           105.6112852903705           45.90494766713312           108.8089632474157           1200          65            67 
 40           -1929.929268282115           105.6244444633002           80.83333320632912           108.3340797757564           1200          64            56 
 41           -1861.458197504783           105.6153975806482           114.086416286906            107.8687700540968           1200          66            63 
 42           -1785.70029609191            105.6111214360991           148.4587859756148           107.3803790824374           1200          66            67 
 43           -1711.446786951528           105.6185814758762           182.746531974015            106.895970610778            1200          65            61 
 44           -1645.442728420675           105.628762522862            214.3878165992865           106.4389071391187           1200          64            53 
 45           -1588.285249692434           105.6404059573123           242.9655813724651           106.0099686674594           1200          63            45 
 46           -1539.563510483323           105.6465939076963           268.4868838002881           105.6071039458002           1200          62            40 
 47           -1487.465297804446           105.6319518482015           297.125424639255            105.192295474141            1200          61            50 
 48           -1425.27228948552            105.619789384837            332.7192813311985           104.7410295024816           1200          60            59 
 49           -1362.666591494593           105.6282546915001           369.8082349355657           104.2853910308225           1200          59            53 
 50           -1298.818823458811           105.6136422280905           409.0467671960267           103.8239663091631           1200          59            64 
 51           -1228.421606320603           105.6159959682545           453.2688646595013           103.3354253375038           1200          58            63 
 52           -1163.438445316895           105.6204995740108           493.9559499601318           102.8677343658444           1200          59            59 
 53           -1095.22268235717            105.6125614431087           535.0655256793154           102.3911108941852           1200          60            66 
 54           -1024.017799226993           105.6165401819491           576.0815427078668           101.9056486725258           1200          61            62 
 55           -957.0102308642441           105.6203050959343           612.822916804517            101.4387902008665           1200          62            59 
 56           -888.9092290953315           105.6237597706798           648.220125026421            100.9709492292071           1200          64            57 
 57           -830.3037863879827           105.6425710252076           676.969919876047            100.5375070075478           1200          65            43 
 58           -775.0705176018832           105.627391541227            702.1177257267758           100.1190760358886           1200          67            53 
 59           -707.3754758174473           105.626537771216            730.9557791147163           99.66142381422931           1200          68            55 
 60           -648.7956611460113           105.6414831031538           754.0404674716813           99.2350240925701            1200          71            44 
 61           -594.8128228841517           105.6457262414968           770.8481428712615           98.82783562091085           1200          76            41 
 62           -541.7110699559353           105.6431612866246           781.3065177325782           98.42767089925161           1161          84            42 
 63           -477.404463798472            105.6347919212308           784.0424185796537           97.99813617759237           1137          90            47 
 64           -402.179486904753            105.6197893848371           776.620225652186            97.53423645593306           1107          99            60 
 65           -330.3939392078174           105.5978937917882           760.691113741422            97.10754499530606           1064          106           82 
 66           -235.6396965604175           105.597417556151            728.808026445035            96.54121712921362           1056          111           84 
 67           -161.4161194988692           105.6405709699326           701.1499297790176           96.07252555198753           1056          111           45 
 68           -110.1185548215042           105.6458992682051           684.000189351807            95.67225208032831           1043          107           41 
 69           -56.39538283307556           105.6540388996776           668.5845713293153           95.26679610866904           1010          110           37 
 70            .8384872546726772           105.6084279156912           631.480288673088            94.82490513700974           1010          128           70 
 71            71.3242858288471            105.6021407610496           577.6236955714536           94.31777916535042           992           127           75 
 72            138.7339296110343           105.594565908489            525.7229314225226           93.83172081029031           973           128           85 
 73            218.4173014328977           105.614162558132            477.4388043061115           93.3164804830642            973           113           65 
 74            284.9618922719591           105.6469427460862           463.2811912766931           92.86414136697147           973           89            41 
 75            329.7328812459381           105.6458992682048           477.7129818796723           92.4820441453122            973           57            40 
 76            378.711293216371            105.6056237398518           531.0940554210331           92.03531631808583           973           34            72 
 77            422.4893894152461           105.5958256843998           619.6356541346854           91.4786184519935            973           21            85 
 78            447.8230936199263           105.594192808245            716.7230501785798           90.92302373033425           973           9             85 
 79            453.2057293362328           105.5925929307991           815.3624641266307           90.367429008675             973           358           85 
 80            441.5567510912213           105.5925929307991           913.272937994505            89.81183428701576           973           350           85 
 81            418.5404610160944           105.5925929307991           1009.213362464653           89.25623956535651           973           345           85 
 82            389.61515979412             105.5925929307991           1103.564237787567           88.70064484369726           973           342           85 
 83            357.5646166277387           105.5925929307991           1196.908256146888           88.14505012203802           973           341           85 
 84            324.5141068497082           105.5925713806997           1289.896457734873           87.58945540037877           973           341           85 
 85            292.054158980369            105.5932712947558           1383.224982513041           87.03386067871952           973           342           85 
 86            260.2548608425753           105.5959772026862           1478.231687326671           86.47826595706027           973           342           85 
 87            229.240102377275            105.5971514108953           1574.425234398751           85.93546687983421           973           343           84 
 88            198.8989031890351           105.593342521563            1670.466849452046           85.36896651374178           973           343           85 
 89            169.352366648393            105.5926145494376           1764.698254956327           84.81337179208254           973           343           85 
 90            139.8188575125108           104.5201145494376           1858.889666493654           84.2577794904233            973           343           85 
 91            109.8359084322612           84.59911454943782           1952.937509493453           83.70273067126404           973           342           85 
 92            77.47846496094901           63.97407146126663           2046.189028652344           83.15978183803765           973           340           85 
 93            42.45752381602997           43.37915800308655           2134.322492625156           82.6171774495251            973           336           59 
 94            25.91410578904972           22.8366150949305            2165.041101178555           82.27244206141555           973           326           11 
 95            18.26863799669102           2.23733651002653            2175.847919783268           81.99226506742161           973           324           1 
 96            14.80669238729028           14.79189746618627           2179.435155684366           81.76342914731937           973           310           10 
 97            .340549041055473            35.41067466449746           2184.225535449936           81.47144798625773           973           270           12 
 98           -17.31640538480266           56.02530800242247           2177.300483900054           81.16852432526474           973           231           17 
 99           -34.90445361966381           76.146649958208             2145.791832344713           80.81852439798583           973           195           37 
 100          -36.18603711181491           77.55296597081782           2076.179174663336           80.371833836064             973           174           70 
 101          -19.03699884127742           77.54038363151791           1980.545525169357           79.83352661616536           973           167           85 
 102           6.058332107362406           77.55253936610724           1888.055753680393           79.31157574066472           973           163           71 
 103           35.33472505584033           77.55253936610725           1805.315708921624           78.79863842636797           973           160           71 
 104           69.80739358939462           77.54766516939043           1720.876924464638           78.28362245646915           973           157           76 
 105           109.7788668064656           77.54336507453841           1633.274275905015           77.74986773657051           973           155           81 
 106           152.409318221553            95.23522972528828           1547.507077254028           77.2177093281752            973           153           71 
 107           191.2991819078736           95.24650841633961           1475.437208050641           76.74329701127238           973           151           61 
 108           231.2092051812305           95.23741672797785           1403.75314805369            76.24939664061803           973           152           68 
 109           274.6350167762024           95.22977366231451           1324.625338911811           75.74731682371478           973           152           76 
 110           318.9470079685153           95.2345422017812            1242.889468554595           75.21467895306057           973           152           72 
 111           359.2013855016078           95.24186852371813           1167.617543150724           74.7290091361576            973           153           65 
 112           397.3023976835791           95.24481512839392           1095.229569085038           74.2358325155033            973           153           62 
 113           430.0914569076633           95.2586814605929            1032.060608247352           73.79481769860044           973           153           52 
 114           462.5273305311544           110.6456908315633           974.288880271534            73.35084006951584           973           150           53 
 115           501.4557586056136           113.3513120929542           912.3260611574233           72.89394571312508           973           147           54 
 116           531.5278408948085           113.3972296692978           868.7182860408731           72.49635711974345           973           145           27 
 117           547.1609123368145           113.4210359873988           847.1946916824102           72.17717064822948           973           144           16 
 118           559.988027474761            113.4174742061106           829.1734158704543           71.86370205484785           946           147           18 
 119           567.2901373962791           113.4312888916812           818.3812182006208           71.57338596146627           946           146           10 
 120           579.8867726198897           113.4117710079903           799.1419560120488           71.25154274621696           933           149           20 
 121           593.0395813449134           113.4148959764526           776.149488621556            70.93285127470286           933           152           18 
 122           605.0393222782454           113.4095979792572           752.008648147844            70.60005430945367           933           155           21 
 123           616.7274912506362           113.410967912033            727.6616216859907           70.2735694660721            920           155           20 
 124           628.3013223526581           113.4245292420518           703.3330226635873           69.94722712269056           904           156           14 
 125           637.3490779692726           113.4100536677945           681.8526022936525           69.63706690117648           904           159           20 
 126           646.9440586219977           113.4001418831781           655.686935708772            69.34427066086863           880           162           25 
 127           655.8839466257748           113.4113117382896           625.9815415561945           69.00672706748721           880           166           20 
 128           661.0593112659533           113.4270894819247           603.3700316483764           68.68979347410543           875           169           13 
 129           664.7039065265907           113.424286749631            584.5391898648004           68.37783900885613           863           170           14 
 130           667.175555353909            113.4324116795278           569.6941369071917           68.08864503734205           863           172           10 
 131           669.5241514585434           113.4222349983283           552.471564739595            67.78777269396045           859           173           15 
 132           672.1578256533322           113.4116561011676           528.3405702325836           67.4622994787112            830           175           20 
 133           674.325283507034            113.4166507557908           502.4933820470784           67.14502550719723           818           176           17 
 134           675.4505763954021           113.4184188333268           483.6329574029792           66.88582726062427           782           178           16 
 135           677.3460992927675           113.4035401062002           457.8451419779115           66.5627661672427            782           170           23 
 136           694.0699004044177           113.3763947800012           420.8424690510476           66.19985007386117           782           146           37 
 137           739.5859131987655           113.339935842988            378.2356624058281           65.77576023047946           782           125           61 
 138           820.2145366478566           113.323552173642            335.4015741651238           65.25866288709806           782           114           78 
 139           909.0794823612425           113.322856487882            303.1419926380043           64.72971554371651           782           108           79 
 140           1004.787348566364           113.3144479006477           277.0672956786318           64.16934232846722           782           104           85 
 141           1101.331723905786           113.3158164843891           254.6299639285498           63.62448085695333           782           103           85 
 142           1197.57069234674            113.3279409126576           233.8358990372176           63.07875601357183           782           102           74 
 143           1289.99093271267            113.3210335095108           214.6264850228222           62.55061492019036           782           102           81 
 144           1382.682243181926           113.3291687876806           195.0967851368915           62.01027045494126           782           103           72 
 145           1466.110995917991           113.3307044494306           177.0258729631801           61.52396898342737           769           103           69 
 146           1561.267151001213           113.3140620922914           155.8649982247428           60.97860414004588           757           103           85 
 147           1657.64758400747            113.3140620922914           134.0350117155174           60.42262304666446           755           103           85 
 148           1753.942008522313           113.3140620922914           111.828706646635            59.86664195328304           755           104           85 
 149           1850.148955211358           100.9830620922915           89.24642185902873           59.31084261290152           755           104           85 
 150           1946.244665279708           80.35783970334124           66.29386591297936           58.7559833820102            755           104           85 
 151           2042.269209372743           59.7352229480094            42.96111288280054           58.2021554009921            755           104           85 
 152           2130.84889854706            39.14736661394534           21.03997351080101           57.68475491612084           755           105           54 
 153           2170.141819405623           18.58099188065742           10.76020814888381           57.32315941547073           755           106           20 
 154           2194.135497138632           0             3.810773523588334           57.0272184523291            755           107           0 
 155           2202.986713961886           13.54431894180858           2.886467191588962D-02       56.83786944938802           755           118           18 
 156           2214.574850134523           34.18967985156537          -11.62434550792767           56.54175204304283           755           157           7 
 157           2215.501310581091           54.83729467136826          -13.97127725223503           56.27850338750332           755           200          -4 
 158           2213.848364299798           75.41295847235563          -13.00846881252576           56.0038322343579            755           242           18 
 159           2150.081266499624           95.97105097351711          -36.8023896073104            55.56237235550356           755           252           83 
 160           2057.103300731112           116.5942214026068          -68.44906376335371           55.00681499231555           755           251           85 
 161           1963.55402163914            123.772681472188           -101.3678432168811           54.45038354699084           755           251           85 
 162           1869.204934614636           123.7729646116615          -133.3189481951281           53.8827513282218            755           252           85 
 163           1775.69988867238            123.7761679717875          -162.4974924535613           53.34831044646323           755           254           78 
 164           1684.51284797754            123.7755429618375          -188.2292667976685           52.80503447769411           755           255           79 
 165           1589.26264900217            123.773737549091           -215.4677257561077           52.26658484593555           755           253           84 
 166           1497.431527983811           123.776810488847           -247.4954236280625           51.72386767067162           755           249           77 
 167           1414.708944050253           123.7789820204276          -284.1677170789975           51.2066129954077            755           244           72 
 168           1335.828750631534           123.77749369752            -329.3256998984487           50.6778045266386            755           238           75 
 169           1259.704465916237           123.7761679717875          -383.5298165561691           50.16054614488002           755           233           78 
 170           1189.004683191022           126.858762526495           -444.5332604870266           49.6326689156206            755           227           73 
 171           1128.543041841033           147.4838193715432          -508.835252942979            49.12286242805977           755           221           72 
 172           1069.85443035403            164.5568881055676          -582.8997550275432           48.57882954247453           755           218           82 
 173           1009.897466960544           164.5564152583991          -662.9882973304785           48.03457906906854           755           217           83 
 174           951.8192069033846           164.5574017911376          -742.7242035223724           47.48475651967466           755           216           81 
 175           896.1968436754203           164.5585515495804          -821.2655394224015           46.9443089702808            755           215           78 
 176           843.1149626627662           164.5598642530306          -898.5585733226155           46.40271059489896           755           215           75 
 177           792.5258192287857           164.5613395810102          -974.4609333923625           45.8915388714929            755           214           73 
 178           742.4633852729781           164.5629085590565          -1047.557337961274           45.37921632209897           755           216           70 
 179           690.0030727274313           164.5598364041077          -1120.492123039421           44.85232919671716           755           217           75 
 180           636.3366582566526           164.5682922107075          -1189.31444430924            44.34467164732322           755           222           63 
 181           588.7297609642226           164.6005482652077          -1231.730858933787           43.9189211739172            755           238           35 
 182           555.3318867723477           164.6180254252732          -1244.81477537843            43.5641061245233            755           259           23 
 183           525.4753818806495           164.621286569903           -1246.748550521392           43.2264285751294            755           273           21 
 184           496.269461646498            164.6225754841227          -1243.999543108572           42.89059977573552           755           277           21 
 185           470.1119380482446           164.626416509317           -1240.358543761198           42.56248472634164           740           279           18 
 186           445.3122293279391           164.626416509317           -1235.904108015936           42.23775592694766           723           282           18 
 187           419.9362041038824           164.6232242739101          -1230.306510934158           41.91104712755375           723           284           20 
 188           393.2712197645974           164.626701432063           -1223.357997408758           41.57990207815988           723           286           18 
 189           365.21909409142             164.616423681706           -1214.90144658497            41.24462452876595           723           288           24 
 190           333.9620275416376           164.616423681706           -1204.844330123438           40.89945822937205           708           289           24 
 191           303.0316621220461           164.6180254252732          -1194.473792343631           40.55480192997815           667           289           23 
 192           270.8622713674298           164.6102100744866          -1183.127607201372           40.20649688058426           667           291           28 
 193           234.5860260398906           164.6082907203866          -1168.669698596045           39.84454933119034           667           293           29 
 194           199.9702862522377           164.6026459619952          -1151.824340778242           39.48419178179642           651           299           32 
 195           153.2214577657635           164.5920443212992          -1126.649609986735           39.08354048240254           651           299           41 
 196           112.6365206569303           164.6055118946165          -1103.554923484597           38.69967793300862           651           303           31 
 197           77.98926468274468           164.5988719449673          -1078.72189265445            38.3203495576268            651           309           35 
 198           40.53410980551784           164.5983447826251          -1047.889628679857           37.93212575823285           643           311           36 
 199           3.527872201782174           164.5943792388136          -1014.692886320475           37.54845403482683           612           313           39 
 200          -34.85319323283812           164.5809712359252          -975.8237114781931           37.14338148543293           600           318           49 
 201          -76.3612679175699            164.5821034275307          -925.2836889056614           36.70612268603904           600           324           49 
 202          -111.3007025743214           164.7764926918821          -873.0699024738783           36.267914955658             580           329           52 
 203          -145.8317207079238           148.1214987528551          -811.188993790102            35.82336746264026           567           332           54 
 204          -172.0523056946601           127.505438418509           -756.2829089443981           35.40037427430453           552           339           45 
 205          -192.862187694233            113.9414474340936          -695.2234907946631           34.96820622258587           544           343           46 
 206          -206.3704202619236           115.056689568151           -645.856177184061            34.60096168622463           544           348           47 
 207          -215.90117572485             115.0480592537786          -580.5588753964074           34.17325055709554           540           356           54 
 208          -217.1309275741746           115.0442309456473          -507.4402650674741           33.72843327507384           493           2             60 
 209          -213.0786228960617           115.0448596796693          -439.9056474794373           33.30961863871306           488           2             59 
 210          -220.1157481616422           115.0811880076287          -385.2514150357542           32.90351621103036           488           338           29 
 211          -238.7979415278424           115.100891711986           -362.5234768910373           32.56854003334767           488           301           17 
 212          -267.2321151571262           115.0734220050864          -358.5403642490346           32.23531135566498           488           263           33 
 213          -327.5273091446284           115.0364945795574          -384.0090968655316           31.79765267798228           488           238           68 
 214          -400.730329785819            115.026771869067           -446.0958657667227           31.25527900029958           488           224           85 
 215          -460.9699687099457           115.0269704349585          -523.352483074425            30.69921407261688           488           213           85 
 216          -504.7505882238468           115.0274193240083          -611.922939349911            30.15427044348784           488           202           85 
 217          -529.7786417331156           115.0267780751408          -707.3838806288015           29.58708421725148           488           189           85 
 218          -535.7009116652738           115.0267780751408          -805.0752816694994           29.0310192895688            488           179           85 
 219          -526.4067592945954           115.0267780751408          -902.5619505451055           28.4749543618861            488           171           85 
 220          -505.9054809078792           115.0267780751408          -998.3542187982044           27.9188894342034            488           166           85 
 221          -477.9671319855231           115.0267780751408          -1092.276816823551           27.3628245065207            488           163           85 
 222          -446.045112553055            115.026765728597           -1184.902883261101           26.806759578838             488           161           85 
 223          -412.0913287190182           115.026765728597           -1276.79404262497            26.2506946511553            488           160           85 
 224          -376.6889182452052           115.026765728597           -1368.137016298604           25.70575102202625           488           159           85 
 225          -339.9528982079363           115.026765728597           -1458.952234802118           25.1385647957899            488           158           85 
 226          -302.140325855381            115.026765728597           -1549.324599310454           24.5824998681072            488           157           85 
 227          -263.2713229494351           115.026765728597           -1639.24765257176            24.02643494042451           488           157           85 
 228          -223.351227274233            115.026765728597           -1728.709045675237           23.48149131129546           488           156           85 
 229          -182.385520957913            115.026765728597           -1817.696493108788           22.92542638361276           488           155           85 
 230          -140.379829719726            114.432765728597           -1906.197774446133           22.35824087237641           488           155           85 
 231          -97.32824789347018           95.01819822535663          -1994.288494117763           21.8026747121646            488           154           85 
 232          -56.14092428127555           74.40637075331424          -2078.859513174675           21.27308116942535           488           155           64 
 233          -34.54427717373516           53.85602088854527          -2124.62076067288            20.88233136375986           488           156           11 
 234          -30.64292640535281           33.23187839822151          -2133.475736176216           20.60456904610463           488           157           9 
 235          -23.34208622713663           12.59187980832201          -2150.766069711238           20.31018426809207           488           158           17 
 236          -17.15068982616923           0            -2165.755974387052           20.11233983692516           488           158           0 
 237          -15.60955426230912           7.12952979986898           -2169.104987288121           19.86708745644553           488           154           8 
 238          -5.313083008607176           7.117540899857183          -2183.872750936972           19.56877460647787           479           139           17 
 239           12.8924436106006            7.107956431844466          -2199.172664109962           19.28998115550568           446           123           24 
 240           41.36993919337277           19.68214363431595          -2210.200150016777           18.95739798162497           446           98            19 
 241           64.85388260908161           39.3193020261301           -2207.141308720882           18.64210194951341           446           67            17 
 242           88.36032764959472           52.6113248604232           -2186.303689504075           18.30507154130953           446           36            32 
 243           109.6922595420067           73.21650931594294          -2134.717047332694           17.89865713239265           446           17            56 
 244           133.3125808940141           78.73738445542186          -2053.806345245187           17.4027262571519            446           17            78 
 245           162.0876316368026           78.7389333528541           -1966.63739686395            16.88081391457072           446           21            69 
 246           198.3863094542115           78.73734274498648          -1885.429088399027           16.36881282198956           446           28            79 
 247           246.130031506093            84.70546611411488          -1804.539969617188           15.83884798545108           446           34            74 
 248           294.7833665167971           103.8853492223743          -1739.916583553227           15.3541876239036            446           40            55 
 249           341.4482311040543           104.2613561482168          -1684.231442887292           14.89603961967782           446           40            62 
 250           393.4941731561394           104.2593189684873          -1621.349829095301           14.40868252995217           446           40            67 
 251           445.8540008378865           104.2597070334041          -1555.193137443658           13.91208544022653           446           38            66 
 252           491.8027959481777           104.262539261574           -1490.342031214771           13.4319921005009            446           34            59 
 253           528.7204845547292           104.2682228241522          -1430.165012592821           12.98039501077527           446           30            50 
 254           554.6978823707187           104.275400727653           -1379.308707993723           12.56942167104963           446           25            40 
 255           573.7702013157425           104.2845683002486          -1332.043088639813           12.17615208132398           446           20            32 
 256           584.7076363850357           104.2900549107806          -1295.979354000927           11.82008999159834           421           15            26 
 257           592.3931747244715           104.2874014159648          -1259.93714036086            11.4663041518727            410           10            29 
 258           597.40140422057             104.2883760393196          -1221.47259433773            11.10720831214707           408           6             28 
 259           599.0689941144826           104.2911339631623          -1189.838194685153           10.80489716498301           391           2             26 
 260           597.7151153051323           104.2662249295451          -1144.78749332753            10.42956382525737           391           357           51 
 261           589.8583726103836           104.2578948356854          -1058.029803605782           9.922946735531724           391           354           85 
 262           576.4488713447113           104.2584334330266          -961.5676114789926           9.367422145806071           391           351           85 
 263           557.6831171782521           104.2572460441032          -864.810490405054            8.814766306080422           391           348           80 
 264           535.1842125064831           104.2578511135891          -778.6422427356046           8.294630466354782           391           344           73 
 265           503.5766999141187           104.2573190950808          -686.9466144498706           7.758980876629141           391           340           84 
 266           465.7268682994991           104.2580606007925          -595.9759301280992           7.203471286903488           391           336           85 
 267           422.4443734285456           104.2572708885237          -507.8781923081156           6.653995447177842           391           332           79 
 268           373.6564914949498           104.2572098269918          -425.4675756448857           6.115840857452206           391           328           82 
 269           317.195032327831            104.2586921758821          -344.833361354463            5.56221001772656            391           324           85 
 270           256.252835968899            104.2583606341498          -268.9493295413976           5.006685428000907           391           321           85 
 271           193.0411270879007           96.05177544887341          -193.968070082057            4.451241968766375           391           320           85 
 272           132.873499402894            75.8413559323171           -124.5230412252306           3.920392989692917           391           319           67 
 273           86.59385763733681           54.82172131002603          -74.92876051081291           3.481932755540494           391           316           39 
 274           51.97717895530706           34.2012835001748           -42.72612747617986           3.101856268774134           391           311           34 
 275           21.70828649068718           13.58821345648271          -18.55347718042281           2.746188531602848           391           307           24 
 276           9.93774331444024            0            -10.13957630929977           52.54150214273466           1200          305           0 
 277           9.935251484106324           0            -10.13784916617736           102.5415021427347           1200          305           0 
 278           9.932657946411853           0            -10.13605152741731           127.5415021427347           1200          305           0 
 279           7.749136536067473           13.12666783579497          -9.003355856885495           127.3729412180293           1200          297           12 
 280          -24.60634932239064           33.7067299783322           -6.557633673524701           127.034923186807            1200          261           30 
 281          -52.5570798405445            54.36570962362164          -20.95843019408132           126.6963464069772           1200          224           17 
 282          -58.90634782667812           75.00581601029001          -35.08808045167643           126.4004708783556           1200          183           11 
 283          -54.50224411137643           92.8847422126849           -60.31069153408804           126.0785414215805           1200          168           20 
 284          -49.02240745925315           92.89286239914237          -85.66077374815561           125.7546048325768           1200          167           17 
 285          -44.44546266949337           92.89183704262128          -104.574613956728            125.448169493573            1186          167           17 
 286          -39.682024523224             92.90222221051322          -124.744288019724            125.1381304045692           1170          167           13 
 287          -34.31529913119176           92.89023171521912          -146.1482157132696           124.8250613155654           1148          166           18 
 288          -28.62638461876707           92.88402642328545          -167.7861154711098           124.5466209740221           1139          166           20 
 289          -23.89949442659852           92.96782246432701          -186.5585475002918           124.2369943850183           1139          176          -5 
 290          -1.347177280864536           93.15837077663881          -143.660048092184            123.8483552960144           1139          229          -60 
 291           68.67891347825983           93.1600964072331           -135.7581701060938           123.3848099570104           1139          296          -60 
 292           111.2516887146404           93.02997884862134          -182.0813898680187           122.9509121180065           1139          329          -29 
 293           103.828169487443            92.8331297265329           -172.5521754538908           122.6236651722227           1139          324           40 
 294           55.6756653900727            92.77139111745382          -112.292093713767            122.1599764399991           1139          321           75 
 295           1.613311548295345           92.79791406156633          -48.20763160583028           121.6639448509952           1139          320           59 
 296          -40.85923151045204           92.82500695538634           .6429273913810416           121.2295407619914           1139          319           45 
 297          -77.83311514950681           92.83670982159475           41.58451863945028           120.8162950662076           1139          318           39 
 298          -107.5925716887544           92.87209203538011           73.53882237871812           120.450882583984            1139          317           25 
 299          -123.599090855732            92.91599892067082           90.33231624015151           120.1333022449804           1123          316           9 
 300          -136.1617280327222           92.89359659553011           103.5134232733852           119.8307294059766           1122          317           17 
 301          -153.3931549804115           92.87695243748217           122.0699577553582           119.5090390669727           1122          318           23 
 302          -172.1796863552891           92.89096050748468           142.497876752815            119.1800437279688           1122          318           18 
 303          -186.782610025251            92.89521709459886           157.8181601835752           118.868939638965            1113          316           16 
 304          -207.7064828938231           92.87195427965544           178.9918658732262           118.5354630499613           1113          316           25 
 305          -229.1559050398022           92.88617834567278           201.4664180019981           118.1975052109573           1113          317           20 
 306          -246.2957440264504           92.88217249064341           219.5960254103182           117.8764936219534           1089          317           21 
 307          -269.3136707576472           92.86326744550364           243.9431604863891           117.5327757829498           1061          317           28 
 308          -292.5295205796631           92.87793357804851           268.4996480503373           117.1873591939458           1029          317           23 
 309          -315.6544657597506           92.86380286726383           292.9599815330804           116.843071354942            1028          317           28 
 310          -346.389748613368            92.83479308858733           325.4701242569217           116.4685735159382           1003          317           40 
 311          -379.7465909170544           92.81311594625042           360.7532127280466           116.1187097811751           989           317           50 
 312          -427.5731776520108           92.79666944217705           411.341625014745            115.6702431921714           989           317           59 
 313          -480.0035311160621           92.80231256639372           466.799656173755            115.2006228531676           989           317           56 
 314          -520.2071645949001           92.85393179886405           509.2659005282652           114.785673764164            989           317           33 
 315          -539.0454419214442           92.91089261868247           528.826610148305            114.4585084251602           976           316           11 
 316          -549.402899669008            92.9112002930224            539.2652935062464           114.1706046929363           948           315           11 
 317          -559.9594090885087           92.9095109663964            549.6078659281606           113.8707552471522           948           315           11 
 318          -571.6634799906994           92.9081340385992            561.3405440443668           113.5720186581484           934           317           12 
 319          -583.8217596538118           92.90767611443674           574.2455276983403           113.2761686759247           934           317           12 
 320          -598.8708598719791           92.88603445941692           589.2093737245473           112.959069230141            923           314           19 
 321          -620.7835967917192           92.87793357804854           610.006573553209            112.6237926411372           923           314           23 
 322          -641.438556968459            92.88502895376365           630.1274160521928           112.2922435521334           923           315           20 
 323          -660.7140623520277           92.87569540016888           649.9093764038471           111.9639607131295           897           317           23 
 324          -682.770395054982            92.87583482464572           671.7473118735981           111.6264303741257           897           313           23 
 325          -706.9243612886911           92.8689393621334            694.6094366380271           111.289844141902            897           315           26 
 326          -732.8851650862665           92.8611358216889            720.5437578461973           110.937100052898            875           316           29 
 327          -759.1056020228718           92.84591701273338           748.453364538687            110.6153209613547           846           318           35 
 328          -790.6593180695686           92.85225713075262           781.2963960567015           110.230132765571            846           312           33 
 329          -825.7072317649765           92.85875704116162           804.0228699681766           109.8627711765672           846           295           30 
 330          -862.6141645094632           92.8654151571006            814.5795403773064           109.5118524443435           846           278           27 
 331          -897.5766544813296           92.87222985308603           813.6158930966873           109.1561729985595           846           260           25 
 332          -927.305575957192            92.87779323076858           802.9235800841033           108.8234942663357           846           242           23 
 333          -949.349191732636            92.87779323076858           782.10331060689             108.487163927332            846           215           23 
 334          -959.499104443361            92.87779323076858           753.5335450186028           108.150833588328            846           188           23 
 335          -955.520634214893            92.87779323076858           723.4765323851744           107.8077766425441           846           160           23 
 336          -937.9658818669547           92.869895390669             698.210700322266            107.4771229103203           846           133           25 
 337          -884.7605643371123           92.75089206278658           653.3300099090495           107.0159784645364           846           132           85 
 338          -814.1031079178671           92.75024487758874           586.487948506271            106.4721222323125           846           135           85 
 339          -746.5138222237663           92.75119497187541           516.757203306875            105.9060677865284           846           137           85 
 340          -681.0312399826941           92.77488206974441           445.6589702832322           105.3717965543045           846           139           73 
 341          -627.2383258426722           92.78521647550403           383.3205367549858           104.8816449653007           846           141           65 
 342          -568.4361402126585           92.76119373274391           311.938911763211            104.356258376297            846           141           83 
 343          -505.71948291692             92.76426027493365           236.1847305881757           103.796841430513            846           141           80 
 344          -449.3060146352641           92.7744181356313            169.651584700095            103.3118987686294           846           140           73 
 345          -393.139444166909            92.78678452571755           105.5326402004401           102.8117871796255           846           139           65 
 346          -338.7367287741861           92.78547623307443           45.8313088887738            102.3275043406217           846           138           65 
 347          -282.6602605037935           92.78048431967956          -13.36053665527622           101.8350015016178           846           137           69 
 348          -219.0488205275117           92.76869341500481          -78.12475751977571           101.3221399126142           846           136           77 
 349          -151.0205743291318           92.76520470579798          -145.3203465478771           100.7845658236104           846           135           80 
 350          -83.68040591142534           92.77236231748415          -209.5994205117303           100.2562354846067           846           134           74 
 351          -18.75852498903902           92.77999047017948          -268.9780529511533           99.746655145603             846           132           69 
 352           45.30323374896011           92.78461284118126          -324.7087892807125           99.24804730659918           846           131           66 
 353           106.0626488459386           92.80112597405361          -373.3566114742555           98.77279071759521           846           128           57 
 354           160.990010229924            92.81216051050967          -412.2051688581857           98.33123912859143           846           124           51 
 355           210.4959928382385           92.84491752655541          -442.7139289490507           97.91639503958767           846           121           36 
 356           243.6274416771466           92.87347299937272          -461.5297702772995           97.55870845058385           814           119           24 
 357           279.4385253789837           92.85915208273202          -480.6627541719147           97.19532561158003           785           118           29 
 358           326.1936758594098           92.84666933827826          -502.7599986688531           96.80042402257631           755           113           35 
 359           398.802235357203            92.75064166847328          -530.515301444982            96.3204911835725            733           110           85 
 360           480.6834650617457           92.75069159967221          -554.903175507244            95.83213048524898           713           105           85 
 361           574.6192431226714           92.76692648197657          -582.9828586305312           95.28082014624501           713           109           79 
 362           646.7782613790738           92.81247837895695          -615.3508003196212           94.79870855724118           713           122           51 
 363           703.806875910817            92.78156308412224          -663.6921550838983           94.33413946823735           713           137           68 
 364           751.646800429771            92.8121605105097           -727.1836743365902           93.85203162923351           713           151           52 
 365           768.7511800318225           92.8747211552146           -772.2968763182601           93.46386504022973           713           171           24 
 366           768.7625269569493           92.85367345562084          -808.6521471539361           93.11218595122591           713           184           32 
 367           763.822293902082            92.85770638238758          -850.547660695382            92.74392436222223           713           190           31 
 368           755.5866470216128           92.85600771698641          -890.0719199564576           92.38086777321855           687           194           31 
 369           743.7666427792885           92.84504223623313          -933.6904155330894           92.00464118421488           652           197           36 
 370           723.144264746079            92.79724242685386          -991.0092405274876           91.5834970952111            620           203           58 
 371           689.6765912918033           92.8079807106737           -1058.410513617182           91.1167755062073            602           212           55 
 372           663.384748722618            79.76236989150718          -1089.998492698824           90.74725824178491           602           236           10 
 373           661.476547773767            59.13435458606016          -1090.55304752019            90.481889753204             602           265           8 
 374           628.5405836228305           38.42720876069556          -1086.537591455434           90.14212875870858           602           284           40 
 375           576.4726074001337           40.49961963887071          -1068.409569723484           89.78352961970728           579           294           60 
 376           511.0470567942787           40.5381426099649           -1042.278746212578           89.3333839592855            579           285           43 
 377           478.2711973457541           40.6094034981846           -1042.324261976551           88.99005704886373           579           249           13 
 378           453.2828949536818           40.5273846807085           -1067.552680481051           88.64326138844177           579           214           45 
 379           432.7750500610704           40.53303389457817          -1126.046039059723           88.21907322801981           579           187           44 
 380           441.1260055737507           40.53166288638197          -1178.347804510236           87.82125131759791           579           157           44 
 381           480.0822523508547           40.4998981043791           -1234.581782775055           87.37937440717612           579           139           60 
 382           542.6747830807071           49.32614181855124          -1295.08985350883            86.87612428549952           579           132           79 
 383           618.9003510096627           69.92534777122866          -1356.684368143185           86.33074431357962           579           128           83 
 384           696.634523637027            78.0849632687417           -1411.705886190678           85.79503873975342           579           124           76 
 385           775.5245672388126           90.82226250253748          -1461.784869255836           85.26970989730015           579           122           85 
 386           862.1467301032428           97.17764276878192          -1514.487461947251           84.70380197752074           579           122           83 
 387           943.774757633113            97.1879128194241           -1563.536669744151           84.16690704391623           579           121           75 
 388           1020.147091483635           84.44340328279013          -1608.986544106208           83.65439744416565           579           121           75 
 389           1103.301879725144           63.79876208158017          -1659.156262749957           83.10685124533404           579           122           85 
 390           1186.698263352682           43.1891283196776           -1710.370604614167           82.55487629499925           579           122           81 
 391           1246.803280325265           22.63682196581474          -1748.108511232672           82.1006413345518            579           123           39 
 392           1279.127513293906           2.071307289580425          -1769.286589182672           81.74455886723317           579           124           16 
 393           1282.136642742474           10.25022018962962          -1771.283022834831           81.57875320220818           579           123           8 
 394           1313.81608006398            30.80968084465403          -1781.936474929604           81.23923704669294           579           100           36 
 395           1374.562383317434           51.3945472351768           -1780.36872114798            80.8200033947562            579           81            57 
 396           1455.149560641093           71.99029333316413          -1756.207126252647           80.3247384960421            579           69            78 
 397           1543.114549286852           92.61513213370313          -1712.37454910042            79.77420609993378           579           60            81 
 398           1595.20585441679            112.5789081630853          -1670.583929355224           79.33150580857461           579           38            32 
 399           1605.689537066887           114.3361068147136          -1640.632378448237           78.98322978011704           579           1             21 
 400           1590.735432764243           114.2713228308834          -1602.558813015118           78.61705696548793           579           328           49 
 401           1538.571362638508           114.2403019344623          -1541.740878854374           78.13315290085873           579           316           71 
 402           1478.730795989015           114.239463376458           -1482.473296818734           77.63906189252207           579           315           71 
 403           1409.49224562771            114.2204826735921          -1414.650766886226           77.0898010216004            579           315           85 
 404           1341.547988209687           114.2183064653322          -1347.561478871337           76.5448937632639            579           315           85 
 405           1270.871050421287           114.2205751666313          -1277.22571606748            75.97774539234221           579           315           85 
 406           1177.460410451542           114.2238395262966          -1183.40467181685            75.23266812073923           579           316           85 
 407           1110.144578048261           114.2328061031302          -1115.173680549643           74.6943196124027            579           316           77 
 408           1049.108042884213           114.248145101341           -1052.685999784592           74.18025999148087           579           316           65 
 409           989.5450532583571           114.234708557458           -990.9182462559966           73.6769459268517            579           317           75 
 410           923.531805291253            114.2257262166542          -921.7491315653213           73.13714436222261           579           317           83 
 411           857.2210611249813           114.2323095143776          -851.6783182798732           72.59334529759354           579           317           78 
 412           741.0160279556396           114.2304876313796          -729.3217031270955           71.63074342496867           579           317           79 
 413           675.2854867704994           114.2366078826907          -661.9097795216933           71.09254130404705           579           316           74 
 414           613.7694464498038           114.2436095762873          -600.1810723134166           70.58376348941788           579           315           69 
 415           554.3627867148127           114.2453186661301          -541.6915740362473           70.08848942478851           579           315           67 
 416           497.0640151712422           114.2464530832974          -481.4982213018668           69.59410411015908           579           319           67 
 417           449.9104034238765           114.265051885304           -421.7848463593006           69.1222412955298            579           326           55 
 418           408.6023725074001           114.2344512289073          -354.9043587147054           68.64348598090058           579           331           75 
 419           364.349816401135            114.2331815122888          -273.2545636717725           68.11403441627162           579           333           77 
 420           328.2003903896465           114.2579613218714          -197.176195170323            67.61846215793511           579           338           60 
 421           309.574229139911            114.2701775218725          -133.6120895794005           67.17293378701338           579           351           51 
 422           302.0666149178367           114.288682109955           -69.6864813651554            66.7382034723843            579           356           43 
 423           299.874215217344            114.3450909769972          -30.06998055533142           66.37361315775507           579           358           18 
 424           299.3193150352625           114.3465917003465          -12.13687717873463           66.06988159312583           549           358           16 
 425           298.4139272431877           114.35044419138             9.512065735266672           65.75621627849664           546           359           15 
 426           298.1297992748533           114.3487874267217           27.96282296023844           65.45126596386747           539           360           15 
 427           296.977995485678            114.3487874267216           49.76732924782098           65.13723314923828           514           355           16 
 428           294.799016797042            114.3442754435634           72.52737963373151           64.82056408460912           502           356           18 
 429           293.7109214657515           114.3475504583225           96.09212696261341           64.50173501997981           468           359           16 
 430           292.40544781479             114.3442754435634           119.850177139978            64.18251220535063           462           355           17 
 431           288.737679645388            114.3329545405943           148.140967994516            63.85075314072142           434           352           22 
 432           284.8420866105928           114.3350521717336           176.1438250653505           63.51930532609234           425           353           21 
 433           281.28960762858             114.335183789903            206.652614156121            63.18131751146325           375           353           22 
 434           276.1760682888717           114.31539266349             238.9516549720358           62.83840969683415           362           351           29 
 435           268.8759936823493           114.3116397531296           281.0200307092106           62.467515632205             312           350           31 
 436           261.4578218931604           114.3079473414532           321.0364524670033           62.10215281757586           262           350           32 
 437           250.1725657413263           114.2809329416872           370.136407583428            61.7150868092393            213           346           45 
 438           235.092488355602            114.2669849291983           422.9074636486193           59.88210123779694           197           343           54 
 439           216.1931603903013           114.31212060751             469.3910071746851           58.04660385342874           197           331           32 
 440           195.4049050135868           114.3163709343872           489.8083928154043           56.37085853028305           197           297           28 
 441           150.4361142117371           114.3126024684088           498.200223604324            54.46497570713736           197           265           31 
 442           121.5906853547691           114.3359747722273           486.6858455657181           52.76266163399167           197           229           20 
 443           84.4686887642372            114.2173446221566           431.9637834789997           50.52700381084598           197           211           85 
 444           39.51899741380862           114.2384293558818           346.9098776864174           47.79555848770023           197           205           73 
 445           14.12286691930002           111.7453155530491           275.9007850157927           45.44890408937587           197           194           49 
 446           4.697683255198958           91.20781836501203           214.309814149427            43.3122964752394            197           187           55 
 447          -1.699861387803617           70.59191861882214           144.9300367150124           41.06873857779983           197           184           50 
 448          -3.639107364788004           49.99380555063663           86.33269259008003           39.03657442833422           197           181           38 
 449          -2.250134536837275           29.39793088865988           49.73290401356794           37.24561651171192           197           176           24 
 450           .7831295542615587           8.78786768762145            19.53954510219451           35.58456484438575           197           174           18 
 451           1.801518949554985           0             10.85195623885732           63.94664123617961           1200          174           0 
 452           1.801764905084198           0             10.84990845782835           113.9466412361796           1200          174           0 
 453           1.802010860613411           0             10.8478606767994            159.9466412361796           1200          174           0 
 454           1.621193647820945           7.414642162487098           12.30121330596058           159.8476065568027           1200          173          -6 
 455           .9459006243653775           27.9932848439397            17.0227390287912            159.5765841461896           1200          177           6 
 456           1.769748284457622           48.68412452010693           15.17079780199358           159.3054904884226           1200          206          -11 
 457           19.5546898356158            69.34173671215034           31.24157599685885           158.9870118343124           1200          248          -20 
 458           42.76029905434305           89.95015826528255           31.56180927116402           158.6693244304683           1200          292          -16 
 459           49.07720204035917           94.12675567943487           28.90201148625823           158.381335824418            1200          331           14 
 460           31.96713887698303           94.0161962688843            76.05096757639647           157.9885736083878           1200          344           53 
 461           15.11733748149067           94.02437455647485           141.0791579748827           157.5597895809988           1200          348           50 
 462           3.374511743609531           94.03379955692994           198.2660355193437           157.1307829263275           1200          350           46 
 463          -7.344896446612732           94.00701066980996           262.9355651901233           156.6935157102975           1200          352           56 
 464          -17.7340215405356            93.99830974504837           338.4000217872286           156.2227159942674           1200          352           61 
 465          -29.73940529912261           93.99879736332404           409.271114982547            155.7657987782373           1200          350           60 
 466          -46.5944758912636            93.97457711780837           491.7816809905258           155.2675903122072           1200          349           71 
 467          -64.02042269481612           93.99137065052976           573.9197288538594           154.7802684404976           1200          348           64 
 468          -79.75911236989214           94.01685670550474           645.7012483559663           154.308650880147            1200          348           53 
 469          -93.22301083036891           94.01938254831892           706.6949691526822           153.8896877584374           1192          349           51 
 470          -106.2054547134134           93.99101844044162           779.4771110315172           153.4268530424071           1192          352           63 
 471          -117.658411503222            93.95985510279643           863.4176387327171           152.9170642320561           1192          354           79 
 472          -127.6674957933201           93.9376981607234            959.8589372810686           152.3641920160262           1192          355           85 
 473          -134.9981124613697           93.9376981607234            1056.10922601672            151.8091747999964           1192          357           85 
 474          -139.693198501708            93.93754818451235           1152.495898304593           151.2541575839666           1192          358           85 
 475          -141.7545078620236           93.94029591632241           1249.210742362607           150.6991403679368           1192          360           85 
 476          -141.1637506606126           93.94617970716311           1346.916650587925           150.144123151907            1192          2             85 
 477          -137.8679392146227           93.95491322698055           1445.466410442565           149.591265935877            1192          3             82 
 478          -131.7320377152816           93.93754818451238           1542.68705004138            149.0519465641675           1192          5             85 
 479          -122.235030940861            93.93754818451238           1638.707589393677           148.4858290038171           1192          7             85 
 480          -108.8448401937543           93.95592113580001           1735.33629987261            147.9315467877872           1192          9             82 
 481          -91.7730279359156            93.95265723444317           1828.56435059179            147.394702071757            1192          12            83 
 482          -70.63166938882742           92.88105405028951           1925.217511418091           146.8410260257265           1192          13            83 
 483          -48.79300488154534           72.97679561745586           2017.623549117861           146.3042209619962           1192          14            74 
 484          -30.12619872826834           52.41812623051113           2091.303692455356           145.8349368550538           1192          15            46 
 485          -18.70347329853675           31.8499475258469            2133.271090095077           145.464877742344            1192          16            26 
 486          -8.878402081809638           11.2086087846746            2168.063366150178           145.123577354609            1192          16            30 
 487          -3.86679492707585            .397326723557498            2185.805707026577           144.9227973471367           1192          16           -1 
 488           3.796757308020625           20.94108863647231           2199.64269308653            144.6293480623227           1192          41            18 
 489           21.63244866134077           41.58328515774558           2210.538096510904           144.3204637788887           1192          79            13 
 490           43.24798016771445           62.16831859647803           2206.49017924979            144.0075632459697           1192          117           25 
 491           82.75596180767155           81.26015196499272           2172.212255534907           143.6087002598137           1192          138           55 
 492           133.7638786356507           81.60005687149942           2106.556508350905           143.1127833825961           1192          145           75 
 493           181.9655912399704           81.61988587306473           2034.625013190615           142.6055899198805           1192          148           65 
 494           219.9819672367347           81.64271511896111           1969.943810173255           142.137981457165            1192          152           55 
 495           250.1266903740401           101.431835702976            1909.089897384075           141.6926186109943           1192          156           54 
 496           280.6851948782118           102.576537215669            1834.663721745783           141.2047414880094           1192          160           78 
 497           313.0920496854615           102.5956362281956           1747.622738805335           140.6830603522788           1192          161           69 
 498           337.9602529126026           102.612172524038            1675.53535651243            140.2003725630491           1192          162           61 
 499           356.7919702364467           102.6721024292684           1615.137764278463           139.7685099755687           1192          164           37 
 500           365.6740337583232           102.7259175109016           1581.982208767747           139.4204148880883           1175          167           18 
 501           370.8885567333272           102.7260865188824           1557.209205480682           139.097088550608            1151          170           18 
 502           375.1857485424987           102.7167166463837           1529.767748072561           138.7670534631276           1143          173           21 
 503           377.8818816246345           102.7227179901654           1504.775482309482           138.450711077397            1125          176           19 
 504           379.8459365847025           102.714404454017            1476.061694267677           138.1114532881668           1125          177           22 
 505           381.2692401041223           102.7227179901653           1448.333175164981           137.7814744506865           1099          178           19 
 506           382.0826513718774           102.7277799564591           1427.101121906183           137.5061357754533           1089          179           17 
 507           381.0682172255474           102.6857782623734           1396.39211243273            137.1688331879728           1089          186           31 
 508           370.811357075498            102.6476276832807           1345.216696761697           136.7709418504923           1089          196           46 
 509           353.471088523572            109.4635714642677           1296.87036907401            136.3739316390253           1089          205           36 
 510           323.8320025659907           122.74637208164             1238.539379155167           135.935761572124            1089          209           71 
 511           281.067055051668            122.7500174866892           1159.814201287872           135.4154973652572           1089          209           71 
 512           244.8375150007651           122.7966101124681           1093.596602076415           134.9426369083902           1089          209           50 
 513           222.0511542163574           122.8515366448705           1049.355395965372           134.5484964515234           1089          206           29 
 514           209.8368279679432           122.8675305073456           1020.500618770675           134.207283494657            1066          201           23 
 515           199.907081948178            122.8724515638841           990.8407945310704           133.8665880377903           1066          198           22 
 516           190.5532318487904           122.8639575478012           960.0925773878996           133.5238188309237           1023          197           25 
 517           183.6542829084497           122.8722866247021           934.6473134440871           133.196390874057            998           194           21 
