 0             1.000000021678105D-08       0            -1.053093132952734D-02       41            1200          1             0 
 1             1.000000088291486D-08       0            -8.468432538018832D-03       91            1200          1             0 
 2             1.000000082740371D-08       0            -6.40593374651416D-03        125           1200          1             0 
 3             1.000003574391783D-08       19.34334643776153           3.548078914774386           124.7509758205213           1200          360           13 
 4             1.000038585274865D-08       39.95888963937022           44.03433190735513           124.3945696651912           1200          360           45 
 5             1.00009964754122D-08        60.58645540233461           118.7698849974433           123.937187265916            1200          360           62 
 6             .2669881477688896           81.21323557344785           195.5073671034547           123.4719711187328           1200          1             65 
 7             1.674108447046933           101.7117479471245           285.1681368693692           122.9629888109484           1200          2             76 
 8             4.185390015541006           104.0783731802952           382.212060887529            122.42617833999             1200          2             85 
 9             8.587330533917852           104.0817677768335           482.0143656268317           121.8706661320337           1200          4             85 
 10            16.96794636164393           104.0846898458675           581.3446399320028           121.3151539240773           1200          4             85 
 11            12.17730742330136           104.0675122963285           679.7675441088863           120.762994216121            1200          352           73 
 12           -13.57352035856237           104.0623573141697           753.3405006184885           120.289798258165            1200          333           57 
 13           -54.50146464478586           104.068914541468            819.8748218994297           119.818473550209            1192          330           72 
 14           -99.17271831889184           104.084434822928            906.7497024609352           119.2717363422527           1174          336           85 
 15           -135.7677504809086           104.0714840517538           999.2516786236196           118.7182866342963           1174          342           78 
 16           -147.7198911241096           104.0614546422263           1066.934790216966           118.2716856763402           1174          2             48 
 17           -131.72057102086             104.0620551550087           1140.946898988017           117.8070247183842           1174          22            55 
 18           -106.8907770539228           104.0640208597252           1176.782142788156           117.4324687604282           1174          53            26 
 19           -53.30077321781621           104.0618008030824           1205.455723777201           117.0144878024721           1174          67            52 
 20            7.775092262208037           104.061709543104            1226.9836114477             116.583876844516            1174          74            51 
 21            70.32908645894361           104.0612460026208           1244.13486622993            116.1526958865598           1151          74            45 
 22            130.487289775187            104.0629624223744           1269.442944650086           115.7211211786035           1151          63            57 
 23            192.293851177657            104.0612614641952           1311.78891218389            115.2580914706475           1151          48            45 
 24            202.5649495930542           104.1119346113463           1320.169658096257           114.9334030126914           1151          27           -24 
 25            193.742501512724            104.1336003830143           1266.986209622781           114.5333920547353           1151          355          -41 
 26            207.1849428636498           104.1212223077256           1221.40254341118            114.1512460967793           1151          341          -33 
 27            222.8901524747487           104.1251440347845           1178.42509579906            113.7750851388233           1151          339          -36 
 28            240.776356037719            104.1210614497625           1136.73633855205            113.3996666808672           1144          337          -33 
 29            255.2884792833617           104.1102395482807           1100.661441814392           113.0415507229112           1144          340          -26 
 30            262.9406215319012           104.0861816135808           1080.299938344363           112.7280110149552           1144          340          -6 
 31            260.9347310899277           104.0729511095283           1085.640254302306           112.453977556999            1144          340           10 
 32            252.516601344561            104.0636605381548           1108.051983115876           112.137381599043            1144          340           28 
 33            230.3083959792706           104.064781715434            1165.394958723432           111.717874391087            1144          339           62 
 34            196.7896814867924           104.0652148856383           1245.84823040205            111.216632183131            1144          337           65 
 35            167.7965277800087           104.0614075810931           1308.540520441972           110.771287475175            1144          334           42 
 36            147.0213699582525           104.0651247687354           1344.933255625716           110.4042427672191           1144          328           25 
 37            128.2436355695831           104.0659627955115           1372.226936311334           110.0619630592632           1121          327           22 
 38            103.3276103031433           104.0629032793935           1405.572040718378           109.6974571013071           1118          320           32 
 39            77.74610170462043           104.0645789410016           1434.138032745395           109.3409536433511           1118          317           26 
 40            50.96603818246038           104.0624693898803           1462.72427188373            108.9830626853952           1118          318           33 
 41            18.72723100798661           104.0621210086891           1497.769246500237           108.6017492274392           1078          318           35 
 42           -14.4264589434009            104.0613363486317           1533.23335518945            108.2180657694832           1055          315           41 
 43           -56.42892960952205           104.0626309350767           1568.63629910223            107.8417825264818           1024          307           56 
 44           -123.4610472065803           104.0655175186138           1617.71159551026            107.3636018126848           1024          311           66 
 45           -159.1059645577377           104.0662921016823           1661.595330343623           106.9513546047287           1024          338           23 
 46           -160.2099341154484           104.0612465380774           1700.027476375791           106.5945961467726           1024          11            43 
 47           -130.8885448334951           104.072069974376            1771.911778068914           106.1249026888166           1024          27            76 
 48           -88.09551867384624           104.072035061232            1861.87461637676            105.5777942308605           1024          24            78 
 49           -56.63091471191352           92.55824350840388           1943.567126176635           105.064494112949            1024          19            62 
 50           -34.74299515520046           71.93795347839577           2025.453586900155           104.5822112542368           1024          13            72 
 51           -19.8066653355647            51.3059118446957            2107.633105254602           104.0935546558368           1024          9             53 
 52           -13.28826476589585           30.68404756726277           2156.42151334242            103.7017036873003           1024          7             26 
 53           -10.48915457141434           10.06566302900264           2182.434863243852           103.3882589429451           1024          6             13 
 54           -9.812283555328163           4.504324474652954           2189.494651456415           103.1827907719932           1024          6            -1 
 55           -1.117907299841973           25.11358793894076           2218.042994886311           102.8604840347865           1024          26            34 
 56            24.65238263293611           45.7407806161329            2247.312430781977           102.5037966343894           1024          58            24 
 57            48.91975755361582           61.58530491115097           2253.754900252416           102.177381535533            1024          96            13 
 58            62.33368736426711           61.58193471706667           2247.173153758076           101.8907102053987           1024          134           18 
 59            97.85460221742147           61.59650140890604           2192.686997648801           101.461166118527            1024          152           80 
 60            139.8801277251162           61.60639285711484           2102.997982922438           100.9081945316553           1024          158           85 
 61            175.7623719273312           61.59159623488104           2010.420545215102           100.3589166947838           1024          161           77 
 62            201.3281156677147           74.56260007364486           1930.396089360522           99.85916654760088           1024          165           61 
 63            219.2098219940975           95.1865522536537            1855.89504512488            99.40243513579553           1024          169           58 
 64            231.6287014267284           115.8128438141853           1781.400808769758           98.93906673735755           1024          172           61 
 65            241.4997103282215           132.4819088987593           1699.122988772237           98.45120256428788           1024          175           69 
 66            248.794143602876            132.4755021886028           1616.73427132673            97.9620474788719            1024          176           56 
 67            252.8483676919834           132.4735583004703           1558.938318391311           97.5481286434559            1024          177           34 
 68            255.2214965220177           132.4759480368982           1520.677739278484           97.18973980803987           1018          177           23 
 69            256.89315922253             132.4749845180184           1488.349447977701           96.85345462433212           990           179           26 
 70            257.6715580904956           132.4742237476601           1456.871929008615           96.54498894916613           990           177           29 
 71            267.4737818067547           132.475358019309            1402.583035721941           96.14170136375014           990           166           54 
 72            294.423388641402            132.4796614074032           1328.108101469787           95.66541252833414           990           157           65 
 73            331.2283252258543           132.4761427574125           1260.46624145551            95.19494744291818           990           147           57 
 74            380.547095042176            132.4807584311675           1198.55187083316            94.71872235750222           990           138           67 
 75            446.317611604119            132.4877127576665           1136.754435641283           94.2051022720862            990           130           77 
 76            525.1155473910926           132.5013637444527           1076.547099240861           93.6543834366701            990           126           85 
 77            605.9869721430816           132.5013637444527           1019.817500188148           93.09745085125401           990           125           85 
 78            688.5806359373777           132.5013637444527           965.6254994788964           92.54051826583792           990           123           85 
 79            772.837683418384            132.4948635336068           913.027239988614            91.98358568042183           990           122           85 
 80            851.2543074694045           132.4801571774771           865.104967647076            91.46198559500577           990           122           66 
 81            929.488828964582            132.492432184512            816.2284057690747           90.94143925958976           990           123           83 
 82            1013.624449429172           132.489114897164            761.0559346635167           90.38815542417366           990           125           80 
 83            1089.621301707956           132.4853568410581           706.4991681660115           89.85164793704928           990           128           75 
 84            1162.014561013162           132.4872727484597           646.8904002540115           89.33562150334156           990           132           77 
 85            1230.331582032714           132.4840979480225           581.88566395715             88.80683266792553           990           136           73 
 86            1286.495170749898           132.4773017063477           518.175001019484            88.31033883250947           990           142           61 
 87            1326.668266879976           132.4741459666545           460.664357635459            87.8612149970935            990           149           50 
 88            1356.59701982164            132.4731547640857           408.677572412906            87.4344475099692            990           152           40 
 89            1380.007869908412           132.4731696790878           360.6318161049122           87.04313857626146           990           157           41 
 90            1397.874101660134           132.4732054987596           312.9061302603017           86.6504972408454            968           162           37 
 91            1410.26210084816            132.4731542735557           269.0615103436601           86.30336906567926           949           167           40 
 92            1424.614459932442           132.4745634448223           211.978354171626            85.88918023026326           949           163           51 
 93            1452.394979700478           132.4789516943015           141.5648465545431           85.41445774313903           949           155           64 
 94            1492.39154077394            132.478068846426            73.94188764015773           84.94910880943135           949           145           61 
 95            1549.585504867553           132.485063115333            10.53642556401371           84.45213872401536           949           134           74 
 96            1624.344773131141           132.4895393852605          -48.25651705489801           83.92059738859923           949           125           80 
 97            1707.837253369525           132.4860686226727          -95.59524084324752           83.37474865147486           949           115           76 
 98            1793.301334154304           118.9140493422748          -126.4806536549083           82.85854961801324           949           105           70 
 99            1877.741897532264           98.28608721677028          -139.5513528529811           82.37180710307706           949           94            65 
 100           1957.371467568015           77.6589206594535           -134.4646094081867           81.8946470047299            949           81            60 
 101           2032.40981253143            57.03538789300057          -111.3221842375552           81.41355994804965           949           68            64 
 102           2105.915245332225           36.4097618300159           -72.83464566579387           80.93818555760214           949           59            63 
 103           2155.523343945362           15.78118633566556          -36.96067119063933           80.51148099625915           949           49            29 
 104           2164.861017977365           0            -28.4270725388774            80.28690973530028           949           49            0 
 105           2153.148982037672           16.50056674812243          -35.68323209737951           80.04546624652078           949           67           -24 
 106           2111.39228778098            37.14565592286708          -34.46720919438921           79.68053634005163           949           114          -36 
 107           2087.922315872823           57.72984792499911          -11.68998356152224           79.34548406513044           949           160          -12 
 108           2085.764782949444           78.31373399077317          -23.57576462529266           79.0501785443533            949           191           30 
 109           2065.03014593382            98.9356887584547           -93.65250434743415           78.5850454122217            949           200           75 
 110           2031.64410863427            119.5585922071451          -180.8466520325403           78.07104129337742           949           203           70 
 111           1995.443487450322           132.3378585662408          -263.410873067043            77.55786193429562           949           205           77 
 112           1952.518462360703           148.9646071406446          -352.9271127123262           77.0084039943745            949           207           85 
 113           1907.20709348016            148.957592954457           -441.0448079123232           76.44818003518205           949           209           75 
 114           1868.712118680445           148.9554476467966          -509.0787508779454           75.98203762831098           949           212           49 
 115           1837.73930843248            148.9594485037354          -554.1405232899272           75.56957116911852           942           218           36 
 116           1806.320606782274           148.95874011483            -589.9119806461646           75.19341001224741           910           225           37 
 117           1770.234982320636           148.9586094270202          -623.990823147147            74.80389620421563           910           228           37 
 118           1734.028032492354           148.9563900083815          -655.671283884913            74.44905205314781           889           230           44 
 119           1683.81177469621            148.9547129334738          -697.2857346885055           74.01548699511605           889           231           60 
 120           1613.424770178447           148.9605373948401          -753.2477932906301           73.5023281870843            889           232           81 
 121           1534.381528960702           148.9614636019965          -815.841891106831            72.94787437905251           889           232           83 
 122           1458.004866917595           148.9589298860777          -877.3126989046567           72.40399182102071           889           231           78 
 123           1337.221107561852           148.9559257559381          -977.243510669799            71.51237382120608           889           230           69 
 124           1270.838624903548           148.9574453243371          -1033.990261548171           71.00796001317436           889           230           73 
 125           1198.058349075472           148.962246547756           -1097.568616080674           70.47007745514256           889           229           84 
 126           1123.409269723623           134.1616388631851          -1163.866617038555           69.91259682335924           889           229           85 
 127           1050.071864252581           113.5367165867955          -1230.034365388157           69.35608487728236           889           228           85 
 128           976.8316972594523           92.90966702900946          -1296.605836553628           68.80060418118052           889           228           85 
 129           902.1234786601972           72.27996032683367          -1364.120871327121           68.2472309847537            889           229           82 
 130           830.6441974456143           51.65177467381261          -1428.136530476218           67.71545028788032           889           229           75 
 131           761.9279595196604           31.02585842909015          -1488.159077239832           67.20232209079904           889           230           72 
 132           693.1026919107678           22.68851111082642          -1545.864609121751           66.69541876769775           889           231           73 
 133           617.9641192234712           23.23619839174867          -1600.828520864586           66.17565842324936           889           238           65 
 134           547.2058550772218           23.23601768885153          -1638.289387948454           65.70120431380332           889           247           63 
 135           468.0961517491477           33.74156224283436          -1668.229675018453           65.21224034787737           889           251           67 
 136           387.5480018206258           54.36838964700374          -1699.995067030154           64.7156469261187            889           247           73 
 137           300.886540935064            68.1519753468464           -1745.362625851314           64.17633911304657           889           240           85 
 138           222.2155579614877           68.144832207761            -1801.321933466178           63.64076838042322           889           230           71 
 139           162.2162852032071           68.14748932639938          -1865.194113006516           63.13877514779983           889           218           77 
 140           109.740522221664            68.14595540737506          -1944.483824264114           62.6098906651765            889           210           74 
 141           67.10495850782864           68.14795334493634          -2028.307716134561           62.08553243255315           889           205           79 
 142           30.79605899855361           55.39988494334916          -2113.902967753008           61.56376078325596           889           202           64 
 143           10.46575309909613           34.78480917177723          -2167.552156648393           61.15423377915943           889           200           27 
 144           3.744681351788942           14.17598199012387          -2188.128548521407           60.8449817691495            889           197           7 
 145           2.958507729161545           0            -2190.849795620371           60.66153132985311           889           196           0 
 146           2.84494822037077            18.11536012228692          -2191.004050116645           60.43833997543117           889           206           1 
 147           1.598809497716187           38.7402953396117           -2192.276149774737           60.1819331880775            889           241           1 
 148          -18.86120588195218           59.33441346828022          -2194.480951372565           59.87748890388058           889           272           34 
 149          -97.00190929279943           79.9592180108807           -2182.703887194901           59.4039458867763            889           282           85 
 150          -193.3802249687231           93.92514712469875          -2158.300237921601           58.8562888461449            889           287           76 
 151          -271.6751782239805           104.4009870434306          -2130.736042971917           58.36668052581377           889           293           54 
 152          -318.917163616571            104.4138896428296          -2107.566358083675           57.96850420587763           876           301           26 
 153          -342.2172124304543           107.0784265268681          -2092.202414388574           57.64026549947757           873           305           28 
 154          -386.8721856853117           127.6943433179784          -2061.364483455084           57.2403704948319            873           305           49 
 155          -432.9643454373811           140.6533118756534          -2029.946429856195           56.83292770689432           873           304           33 
 156          -463.7329130708553           140.6624541184362          -2010.349583932473           56.47885039188606           866           302           20 
 157          -489.6914703192217           140.6621433899083          -1993.85810744116            56.14114557687783           848           304           21 
 158          -511.710295688213            140.6605895434114          -1978.255197436461           55.81348701186967           848           307           22 
 159          -536.1732044033648           140.6614436522055          -1959.27165087926            55.48022779316158           845           309           21 
 160          -562.4121948317844           140.6560170590641          -1938.018464662816           55.12981238185316           810           311           28 
 161          -587.312104843301            140.6610564740538          -1915.748781263743           54.78448756684494           790           314           22 
 162          -610.8911185155891           140.6560524451058          -1891.735002068482           54.4394252518368            770           318           28 
 163          -636.460998368166            140.6571037001076          -1862.542951290453           54.07995543682854           759           321           27 
 164          -659.0544434653652           140.6571037001076          -1833.42692993834            53.72586312182018           734           324           27 
 165          -679.9186678586025           140.656735727787           -1802.97242278893            53.37163580681185           734           328           27 
 166          -700.1478423211768           140.6549822979918          -1769.344456372072           53.0112622418036            727           331           30 
 167          -720.0329778911387           140.6533732299731          -1731.572335536886           52.64151367679533           677           334           33 
 168          -736.5930604882803           140.6521051924926          -1695.775613433071           52.31603178588821           668           337           35 
 169          -755.4541510563086           140.647999637703           -1648.96593698425            51.92513697088005           668           340           44 
 170          -776.7361048681477           140.6460038098003          -1588.607946755697           51.52422948367281           668           342           68 
 171          -806.8943342657408           140.6560869691398          -1496.712316845147           50.9835559186646            668           342           85 
 172          -838.3519528159776           140.6557351415323          -1403.126968953334           50.4262136036564            668           341           85 
 173          -872.788454107688            140.6513631121962          -1309.063061015004           49.86887128864817           668           339           85 
 174          -909.9268767573158           140.6480170773784          -1217.80848706786            49.32334522363987           668           337           77 
 175          -950.3278329563246           140.6507649983901          -1130.152399876207           48.78615540863167           668           334           83 
 176          -996.2624066825912           140.6559808155017          -1041.275758524444           48.22901934362346           668           332           85 
 177          -1045.345245093811           140.65608696914            -955.5720403165747           47.67167702861524           668           330           85 
 178          -1098.206436588661           140.6535578766775          -871.8393442433516           47.11433471360703           668           327           85 
 179          -1155.107893938182           140.6487810914034          -789.7991016179707           46.56258364859882           668           324           79 
 180          -1215.801024854326           140.6516600331118          -711.3521083974604           46.0149088335907            668           321           85 
 181          -1282.047299784936           140.6508412691544          -634.6636720906562           45.4577727685825            668           318           84 
 182          -1351.502029896345           140.649638466568           -562.840826940346            44.9070867035743            668           315           81 
 183          -1423.72034686224            140.6497751171518          -496.7487400726016           44.36440688856611           668           311           81 
 184          -1501.509545468073           140.6537768611822          -433.624727999937            43.8087220735579            668           308           85 
 185          -1583.001152112795           140.6522463907217          -374.4168615527458           43.25367100854968           668           305           85 
 186          -1665.389298093372           140.6560869691401          -318.8790299279125           42.69632869354147           668           304           85 
 187          -1748.308521830868           140.6560161424042          -265.3105634329107           42.13898637853325           668           303           85 
 188          -1832.874651625412           140.4877989825742          -212.5352091060268           41.58164299102525           668           302           85 
 189          -1919.458115846563           121.7212198941647          -160.3602536391448           41.02473029745596           668           301           85 
 190          -2006.701989711516           101.09467148149            -109.6290426976297           40.46889609479627           668           300           84 
 191          -2084.219961128062           80.46481460694277          -66.33836256292933           39.95923188953716           668           299           56 
 192          -2129.141295447715           59.8529417072763           -43.01043876848976           39.56831892614315           668           297           25 
 193          -2156.777183626797           39.23028727413166          -29.88940580905145           39.23532845998134           668           296           22 
 194          -2177.85847956941            18.6168609416596           -20.20258493566981           38.92229924330642           668           295           10 
 195          -2187.035304550438           0            -16.06615939504868           38.66526831319248           668           295           0 
 196          -2192.331069622725           14.79791144616817          -13.34018525566156           38.47042884584886           668           299           18 
 197          -2231.562674973528           35.40982804830326           18.279704259058             38.08640956957002           668           314           57 
 198          -2299.613416155218           56.03554285111197           66.33123507689996           37.5975890600553            668           297           47 
 199          -2322.679123507303           70.6760691913163            73.93332776218745           37.27377297245733           668           264          -5 
 200          -2299.688291126494           74.5940007774294            93.96512456229462           36.87157349929503           668           202          -18 
 201          -2294.506128491476           95.16675896325953           73.57988173362503           36.5480501572954            668           163           45 
 202          -2260.594415352666           115.6590449925176           14.62225656471267           36.1064056684077            668           140           51 
 203          -2214.948918667774           118.021550728075           -22.93221223291685           35.68946301640048           668           120           37 
 204          -2153.627399580942           118.0190119928756          -46.13059165339151           35.2559861274024            668           106           63 
 205          -2067.659950413196           118.0209364921437          -64.56886571487202           34.75096298840427           668           102           72 
 206          -1976.018988441576           118.0314077248684          -82.62228790949685           34.22537109940618           668           100           85 
 207          -1878.075378757167           118.0306443416963          -96.20245678896112           33.66916046040812           668           97            85 
 208          -1781.526816511782           118.0210239409725          -102.5463682643383           33.12957357141004           668           92            72 
 209          -1697.219900962338           118.018809270915           -102.0722315300774           32.63590168241202           667           90            62 
 210          -1607.891412023114           118.028456589585           -101.8954889832552           32.12529479341396           661           90            85 
 211          -1508.079493659032           118.024006890978           -99.11976771847807           31.5711616544159            661           88            80 
 212          -1420.18240223432            118.0188241547148          -94.7528597128344            31.06420351541781           661           87            63 
 213          -1342.716761359228           118.0195261438208          -90.4458075039864            30.59333162641972           653           88            65 
 214          -1247.868501085252           118.0323537588964          -86.26697353533918           30.06128598742164           653           88            85 
 215          -1149.275977880676           118.032716941848           -82.29402489467297           29.50507534842357           653           88            85 
 216          -1049.6900492303             118.0256166994428          -77.28316697193878           28.9490897094255            653           87            83 
 217          -963.0070215547986           118.0183677900507          -71.34904786412227           28.44507907042744           653           86            58 
 218          -896.630988689717            118.0190895367215          -66.39371960750491           28.00734593142936           639           87            46 
 219          -820.5480686003618           118.020380170201           -61.59533510073655           27.54136779243127           630           86            69 
 220          -731.2606501596658           118.0192102865838          -55.59200092441456           27.0302209034332            630           89            66 
 221          -662.8523843088193           118.0193954884943          -60.43260128678838           26.58511151443511           630           102           45 
 222          -592.2915180395502           118.018340274453           -77.10005306695491           26.13046962543701           630           104           57 
 223          -533.7992828797574           118.0225207539897          -92.76161641137713           25.70959648643891           630           106           36 
 224          -493.5691670222981           118.0258662275943          -103.0362087996994           25.34339459744081           630           104           29 
 225          -457.5735665668317           118.0274111875006          -111.9136308591884           24.98959020844271           630           104           26 
 226          -424.100451224158            118.0274111875006          -120.1689445303834           24.64295581944463           585           104           26 
 227          -386.9569320986566           118.0251755203412          -128.9958085029333           24.28660893044653           561           102           30 
 228          -344.9871747468296           118.0228571507671          -135.4056646180234           23.91862579144845           518           97            34 
 229          -300.0512048162516           118.0211404834485          -139.0447088659323           23.5784608919101            513           96            40 
 230          -267.3945116581198           115.5097306942015          -146.9729707033563           23.23141590785645           513           116           11 
 231          -257.0800853198562           94.97280770396868          -155.8980473688544           22.94091603313914           513           138           22 
 232          -223.3169556926697           94.18789596909737          -195.4331697197696           22.54868260407167           492           140           46 
 233          -180.79581392655             94.18702890172335          -243.1186313096706           22.12129103156622           442           136           53 
 234          -121.8063763461268           94.19583923188793          -291.7292454715976           21.68472212921155           418           125           85 
 235          -40.86786755721707           94.18715278448151          -334.974529571738            21.1635318067061            418           110           61 
 236           21.54411686408471           94.188833965011            -342.6018048758893           20.73558148420068           418           84            42 
 237           76.33781868933345           94.18924770168626          -320.8178794387103           20.32049366169523           418           56            41 
 238           107.1519311782971           94.19103835364643          -282.9023695812467           19.93365083918976           418           25            36 
 239           113.1134330391814           94.18745420816406          -231.8904851285614           19.54086051668431           418           354           48 
 240           92.5453797935543            84.74360771193051          -164.2124216951053           19.09208093014565           418           337           53 
 241           65.82645527834026           64.12026145811025          -109.0626257780961           18.67218434399517           418           333           43 
 242           41.3841383955136            43.49998245721714          -64.47897394842698           18.2830527572356            418           330           31 
 243           24.02509256401391           22.88086659846291          -35.88202705930922           17.94270866897731           418           328           21 
 244           10.02293431029453           2.25991171601805           -14.71776309975946           17.62519833040096           418           326           16 
 245           8.578787891720673           0            -12.64006089593985           83.58849013975458           1200          326           0 
 246           8.577608406134354           0            -12.63836893996623           133.5884901397546           1200          326           0 
 247           8.576428920548038           0            -12.63667698399262           142.5884901397546           1200          326           0 
 248           2.157682331311165           18.8882919121805           -4.111277306680297           142.3281785678896           1200          323           31 
 249          -41.15206969612902           39.4869983097294            50.12439951288138           141.8874705536525           1200          321           64 
 250          -95.74258901192494           60.11221646847845           112.3165396672193           141.4019312916777           1200          318           64 
 251          -150.196554466127            80.74265507607476           167.2956591012193           140.932344529996            1200          314           56 
 252          -207.043085560069            95.75087216661638           216.9084535252242           140.4689553090252           1200          310           66 
 253          -275.3118118097975           95.75015820352337           268.3036724299418           139.9761376049825           1200          306           69 
 254          -346.3133258059448           95.7521043218578            317.0393716525194           139.4725684130197           1200          305           65 
 255          -413.1747466760511           95.75246958803218           362.8643418454307           138.9903462150165           1200          305           64 
 256          -480.0446654942755           95.7517765551178            408.6951362971465           138.5081990170133           1200          305           65 
 257          -548.586020805217            95.75267065539231           455.6491002725117           138.0191668190105           1200          305           63 
 258          -617.8168659872461           95.75135358132374           501.8205252328415           137.5299546210077           1200          304           66 
 259          -683.7729874670563           95.75601886139384           544.5377050284963           137.0552736730047           1200          304           58 
 260          -756.4387797645493           95.74927397400882           593.787997880037            136.5502702250018           1191          304           73 
 261          -824.5436063851055           95.75752421445363           630.791475150449            136.0780867769987           1191          293           56 
 262          -887.3359068785333           95.76502331371813           648.4552879915877           135.644355828996            1174          280           47 
 263          -949.6433489983392           95.76852835704756           659.1761343599737           135.217401130993            1171          282           44 
 264          -1000.860192600197           95.77074889799              671.7805111634411           134.8208101829902           1171          288           41 
 265          -1052.578666374726           95.76959874388031           692.2558853956107           134.4162654849875           1153          296           42 
 266          -1095.399070275678           95.78190195963356           716.477402032972            134.0290532869848           1153          305           32 
 267          -1118.113397135267           95.79963612009641           739.0706178533695           133.688194838982            1153          327           18 
 268          -1131.630648620163           95.78223495408491           768.7218833799083           133.3480188909793           1141          341           30 
 269          -1144.473445825              95.77795998741551           810.9987855345407           132.9758816929766           1110          345           34 
 270          -1157.335691756964           95.7763477567957            859.4103264497982           132.5871657449738           1060          346           36 
 271          -1171.15607441714            95.75515234405197           924.012366068943            132.1524485469711           1010          350           60 
 272          -1177.887466049914           95.75881173880728           996.4141877880112           131.6964050989683           975           360           55 
 273          -1178.30355485087            96.76452984126712           1076.605364461937           131.2166495594658           975           355           78 
 274          -1198.744875969302           117.069077893176            1162.290656542978           130.7070403655217           975           338           58 
 275          -1232.284581345775           118.8243216447412           1209.51067535801            130.2910870149031           975           310           34 
 276          -1263.747481956644           118.8395720748087           1222.477682218472           129.9428175718228           975           274           21 
 277          -1293.23454034781            118.8357963594481           1213.766724050653           129.6045343787426           975           237           24 
 278          -1313.898652053016           118.8321678738188           1186.50394645743            129.2568761856623           975           201           27 
 279          -1315.12200948548            118.8286875037633           1148.871779075395           128.8998429925821           975           166           29 
 280          -1292.933025948001           118.8227987778842           1113.833833631862           128.5324935495018           975           134           34 
 281          -1247.51880701084            118.8079805558677           1078.520033257453           128.1220191064215           966           127           49 
 282          -1199.593557638152           118.8130085926194           1044.577491578211           127.7069396633413           949           124           43 
 283          -1153.463820342181           118.8141228840533           1013.22674748316            127.3007327202608           913           126           42 
 284          -1117.295989274383           118.821310564399            987.328601978705            126.9609372992117           910           126           36 
 285          -1078.532565146131           118.8194397125507           959.2182534752885           126.5772641061312           910           126           37 
 286          -1030.354761669967           118.8025400192931           924.2808124132068           126.1612546630508           910           126           55 
 287          -972.8946747112175           137.9734536878872           882.425700603041            125.7089556337915           910           127           51 
 288          -920.0965567415465           157.9811763056336           842.4309876076505           125.270776235908            910           129           52 
 289          -864.435008965476            159.1724858396098           797.3452603954493           124.8156912016283           910           130           56 
 290          -817.7531134031433           159.1899608490086           756.5502223663265           124.3879770093495           910           133           38 
 291          -791.4208914304478           159.2125234866256           731.074893246461            124.0317078170708           899           136           20 
 292          -766.9006764184433           159.2015144178857           705.5914211060041           123.6807598747921           888           136           28 
 293          -743.0901122929893           159.2011623696893           681.5375615160488           123.3333819325134           885           136           27 
 294          -715.930896669053            159.2027224674891           653.50789249624             122.9719377402347           835           137           27 
 295          -688.2410288256908           159.200115130128            626.3335627619092           122.611281047956            785           133           29 
