 0             9.999999550647232D-09       0            -5.286092975669271D-03       40            1200          1             0 
 1             9.999999106558022D-09       0            -4.254843126731033D-03       90            1200          1             0 
 2             9.999997496734636D-09       9.042506920106421          -.4373254464669325           117.8887459320058           1200          1            -2 
 3             9.999979150299154D-09       6.77762472742579           -4.024998239954168           117.6287411305378           1200          1            -4 
 4             9.999966965601461D-09       1.204605372519351          -6.076892773196406           124.5233187185417           1200          1            -1 
 5             1.000003782558601D-08       21.82376106013795           1.57607260176178            124.2528888070777           1200          360           16 
 6             1.000038377108048D-08       42.45164691271421           42.58978193683051           123.8946714002908           1200          360           43 
 7             1.000103433401733D-08       63.09472665430874           116.4263534149374           123.4401502487233           1200          360           71 
 8             1.000183758037565D-08       83.7430469557688            214.2244779416784           122.897222852938            1200          360           85 
 9             1.000275887119706D-08       104.3680469557685           313.122322862835            122.342224208776            1200          360           85 
 10            1.00036803563075D-08        124.9930469557683           412.0201677839922           121.7861943146136           1200          360           85 
 11            1.000460184141794D-08       145.618046955768            510.9180127051494           121.2291331704515           1200          360           85 
 12            1.00055232987728D-08        152.795546955768            609.8158576263066           120.6712579437895           1200          360           85 
 13            1.000644478388324D-08       152.795546955768            708.713702547464            120.1133119871276           1200          360           85 
 14            1.000736626899368D-08       152.795546955768            807.6115474686211           119.5553660304658           1200          360           85 
 15            1.000828775410412D-08       152.795546955768            906.5093923897783           118.997420073804            1200          360           85 
 16            1.000920923921456D-08       152.795546955768            1005.407237310936           118.4394741171421           1200          360           85 
 17            1.0010130724325D-08         152.795546955768            1104.305082232093           117.870369241347            1200          360           85 
 18            1.001105220943543D-08       152.795546955768            1203.20292715325            117.3235822038184           1200          360           85 
 19            1.001197369454587D-08       152.795546955768            1302.100772074407           116.7656362471565           1200          360           85 
 20            1.001289517965631D-08       152.795546955768            1400.998616995565           116.2076902904947           1200          360           85 
 21            1.001381666476675D-08       152.795546955768            1499.896461916722           115.6497443338328           1200          360           85 
 22            1.001471972017498D-08       152.795546955768            1596.816349939456           115.1029572963042           1200          360           85 
 23            1.001564120528542D-08       152.795546955768            1695.714194860613           114.5450113396423           1200          360           85 
 24            1.001658112009807D-08       148.302046955768            1796.589996680194           113.9759323028471           1200          360           85 
 25            1.001750260520851D-08       127.6770469557682           1895.487841601351           113.418716333685            1200          360           85 
 26            1.001845176262783D-08       107.0314821292494           1994.515231542827           112.8555621878914           1200          360           76 
 27            1.001909341602492D-08       86.3838143918242            2067.661973600058           112.406888135333            1200          360           39 
 28            1.001937657840735D-08       65.75789696670756           2100.860956411902           112.064363399009            1200          360           17 
 29            1.001955959867296D-08       45.13290658437268           2123.072988166041           111.753526161591            1200          360           17 
 30            1.001972427250308D-08       24.50976408609611           2143.475458728392           111.4422632478964           1200          360           9 
 31            1.00198035979382D-08        3.884611158854488           2153.276578180023           111.171560435464            1200          360           9 
 32           -9.191151362478112D-03       10.27841911398812           2159.361007207574           110.9813813190275           1200          360           10 
 33           -2.632260474321366           30.90339490659153           2179.60001639123            110.6768189093708           1200          345           12 
 34           -11.19129397999368           51.52894081175168           2194.28505649949            110.3802702503904           1200          319           17 
 35           -38.96307570196877           72.1571770135679            2212.567046196023           110.0398353426274           1200          293           29 
 36           -83.9370773053353            76.86406810807583           2219.73257415717            109.6648632253758           1200          269           39 
 37           -140.798855857241            76.87114442805483           2206.630937910027           109.2537747556392           1200          248           49 
 38           -201.0996604160718           76.88036165374432           2169.198621295463           108.8051862859026           1200          231           60 
 39           -257.5829499802366           76.90028833404988           2106.62429815794            108.3139828161658           1179          216           77 
 40           -301.13639618605             76.921032265865             2033.352622443373           107.8300049627976           1144          207           85 
 41           -334.4745954798088           76.89057969841615           1941.89700414531            107.2972532624556           1144          194           71 
 42           -338.1430577685603           76.8635372605206            1872.01969832493            106.847539792719            1144          170           39 
 43           -321.663581498717            76.8583904013932            1839.64346048422            106.4952700729823           1144          135           25 
 44           -267.187088794337            76.90739573681626           1810.257801386866           106.0737303532456           1144          114           80 
 45           -175.2397530889271           76.92144398108823           1774.012616745765           105.519879383509            1144          111           85 
 46           -82.06089352762491           76.92127914905838           1741.58834204571            104.9657284137724           1144          109           85 
 47            12.78698053879297           76.9011837742237            1712.338099257895           104.4061794246411           1144          107           79 
 48            102.6882167439773           76.8887174452838            1686.118892661715           103.8923502242991           1144          108           69 
 49            184.9598636556673           76.89503156204751           1655.72180549116            103.3793124851676           1144          114           74 
 50            251.4114977128438           76.8668119870635            1622.180686244224           102.9275232848257           1144          122           44 
 51            294.2944990971657           76.86184350701636           1593.615832764433           102.5279380456944           1144          125           35 
 52            325.9250726377416           76.85794350280526           1571.260700943094           102.1786700953524           1125          128           25 
 53            349.0654816784661           76.85709519474131           1551.048631607598           101.872520991984            1114          134           21 
 54            374.4723558393944           76.8662319564758            1523.819953007062           101.5201950222473           1114          139           42 
 55            429.187532575227            76.91964154104748           1461.227600544357           101.0290215525106           1114          139           85 
 56            496.9087936175068           76.91243784558952           1388.917719838293           100.474870582774            1114          136           85 
 57            564.6702019622237           76.8832128894676            1325.402952375435           99.95321711303731           1114          131           63 
 58            633.2601012839016           76.90895205237058           1269.052577754586           99.4457048933006            1114          130           84 
 59            710.4661503613106           76.92152647004893           1206.883040190316           98.891568923564             1114          129           85 
 60            787.701087821923            76.92152647004893           1145.44606845177            98.33741795382738           1114          129           85 
 61            864.9461697962487           76.92185691201158           1084.048505745966           97.78326698409077           1114          129           85 
 62            942.9645581752955           76.90549942705488           1022.036287358943           97.22963351435416           1114          129           82 
 63            1015.688621159421           76.8998779426327            964.155974979917            96.70833629461744           1114          129           77 
 64            1090.689372090093           76.8958747167556            903.2215466534425           96.17334407488087           1114          130           75 
 65            1159.363043348148           76.89168379207466           845.6303508261395           95.6640581051441            1114          131           71 
 66            1274.490754809264           76.92185691201158           744.7646268896672           94.8124490535654            1114          132           85 
 67            1347.512909401665           76.90111459038202           677.1505136591073           94.2611105838288            1114          134           79 
 68            1410.58513512563            76.8928045827936            613.3043147029578           93.75079336409205           1114          137           72 
 69            1474.87282316804            76.90257806940318           544.4409249264143           93.22520239435542           1114          138           80 
 70            1539.810991248178           76.89554940322141           476.8091719941434           92.70060142461864           1114          136           74 
 71            1606.424984997097           76.90872837411467           413.568679569487            92.19075649367146           1114          133           84 
 72            1681.848784999352           76.90173906622182           348.0715143688824           91.64248177393478           1114          130           79 
 73            1757.210740193747           76.90392134988767           289.5730612497788           91.1121433041982            1114          127           80 
 74            1839.57908536622            76.90506663033921           231.9612833721566           90.56131108446165           1114          125           82 
 75            1918.290985690601           76.89242913283673           180.5024037118137           90.03536386472497           1114          123           72 
 76            1992.897442325372           70.74587285310255           133.8297106168738           89.531599182986             1114          122           69 
 77            2067.679213440718           50.1201653086889            88.0423279207585            89.0298307006586            1114          122           69 
 78            2131.419538219415           29.47445831732868           49.49258444383037           88.57048596643215           1114          122           46 
 79            2173.611536525195           8.840584088533946           23.18845865001698           88.18578872894631           1114          123           29 
 80            2184.221856425583           7.804496567026341           16.2240183025798            87.9437818138661            1114          127          -1 
 81            2187.818298614021           28.43069570419018           11.1530466692778            87.67696315183105           1114          153           10 
 82            2191.755780904194           49.06471917370867          -15.61786281427197           87.35437824174143           1114          183           31 
 83            2175.38498519208            63.92413612544192          -70.19386937847334           86.94787648544784           1114          206           55 
 84            2131.21159703638            83.1094896266802           -132.911034186587            86.47520791705752           1114          224           62 
 85            2074.882567027025           83.83549345725801          -176.5302495289876           86.02737909046797           1114          243           47 
 86            2025.392572768848           83.82860964614417          -192.4339349788777           85.63248024888017           1098          260           37 
 87            1973.298316004168           83.82821876539884          -200.8676161940294           85.23662890729244           1098          261           37 
 88            1931.670333070205           83.83285696893907          -208.9223537331771           84.89994492669523           1076          257           42 
 89            1864.897064444828           83.85371475792461          -233.9408870567552           84.44976358510741           1076          245           63 
 90            1795.84884237239            83.8554120674786           -277.199016298343            83.96630849351953           1076          233           65 
 91            1737.989809147223           83.85060993961616          -332.196525917824            83.48793840193166           1076          221           61 
 92            1695.265864469488           83.85167318040534          -395.0032974576815           83.02231456034382           1076          209           61 
 93            1658.952186909748           83.86810038081275          -473.9016114958827           82.52128696875604           1076          202           74 
 94            1632.304872804988           83.849256031029            -554.2063592759182           82.02641687716822           1076          196           60 
 95            1617.107455387328           83.82884674462673          -617.6162666209424           81.59259303558042           1076          193           39 
 96            1608.342226143301           83.82019695235748          -656.2917564382386           81.23209669399266           1056          195           23 
 97            1595.51833400503            83.82242609765578          -693.5942800669195           80.87349035240491           1048          203           28 
 98            1579.807920674755           83.8258441532973           -730.3096206714233           80.51369526081723           1019          205           33 
 99            1562.923823703182           83.82880709440502          -765.04677827963             80.19241750705184           1016          210           37 
 100           1525.06041910092            83.8568081054957           -819.4886056265652           79.75790741546405           1016          219           64 
 101           1463.359691391193           83.87705203405594          -888.7241289773808           79.2359735738763            1016          224           80 
 102           1396.228831191002           83.86565246681457          -955.196964294925            78.70676473228858           1016          227           73 
 103           1332.429080351045           83.86261559658463          -1012.978812903797           78.19789841386906           1016          229           70 
 104           1260.592453082805           83.88734040337576          -1076.282313327348           77.67434579911308           1016          229           85 
 105           1185.448178132328           83.8824817712519           -1142.932068861342           77.11992945752535           1016          229           84 
 106           1113.42448861285            83.87044922417111          -1207.715961406665           76.58164936593785           1016          228           76 
 107           1046.17611455329            83.87037271206933          -1269.452823288723           76.0646392743502            1016          228           75 
 108           974.9402362884615           83.8839144922981           -1336.18909960216            75.52425168276245           1016          227           85 
 109           903.6993732620191           83.86907957962808          -1404.028056741951           74.97991534117475           1016          227           75 
 110           833.4437120721153           83.89798257127011          -1471.868598073954           74.434528999587             1016          226           85 
 111           762.8526743066592           83.89798257127011          -1540.137474438788           73.88003015799924           1016          226           85 
 112           691.8347425976161           83.8880347807747           -1608.81920165234            73.3255313164115            1016          226           85 
 113           620.971396717307            83.8738646067398           -1677.320915014568           72.7803699748237            1016          227           78 
 114           549.3260613718027           83.88760043661887          -1744.88928621562            72.23575238323595           1016          228           85 
 115           474.7073015988673           83.88081408231464          -1812.225567014822           71.6822735416482            1016          229           83 
 116           400.5157119471895           83.88156214848135          -1877.316196399662           71.13737095006044           1016          230           83 
 117           323.9762634221254           83.88223038526735          -1942.812225559738           70.58395585847271           1016          230           84 
 118           248.8069473491213           83.57160100298036          -2005.553532789173           70.0418311093851            1016          231           78 
 119           176.2549875258207           64.52687512046778          -2064.368096949795           69.51743565522395           1016          232           76 
 120           105.2600810891517           43.88813347440928          -2120.17504886662            69.00475555073366           1016          233           66 
 121           49.91338037719287           23.2383627650706           -2162.455091911655           68.55973294333856           1016          234           43 
 122           17.47262972603112           2.599353409463536          -2186.473747732366           68.20011283186477           1016          234           19 
 123           12.07064869414244           11.93434707771763          -2190.27089345054            68.00248727338993           1016          237           13 
 124          -33.72326640066015           32.6029894430925           -2210.696297271956           67.60869865655933           1016          251           62 
 125          -121.2671833388368           53.24720002688858          -2233.76023778798            67.10487498413387           1016          259           76 
 126          -211.935305131361            73.86803994468015          -2244.185176248598           66.5873088457051            1016          268           73 
 127          -300.5122829300496           86.81650193338868          -2240.679274789936           66.07815867232318           1016          277           70 
 128          -382.03466074967             93.59597860956296          -2223.737010427232           65.58680134751366           1016          287           61 
 129          -464.615396544892            98.75457584886685          -2192.941724045137           65.07886398977372           1016          292           85 
 130          -554.9441497726766           98.76231064486471          -2155.073647056066           64.52362266462724           1016          294           85 
 131          -643.3916178146668           98.73768345381336          -2115.692058650384           63.98182616598375           1016          295           80 
 132          -721.2827695352851           98.70141051333222          -2078.77382523255            63.47453501433466           1016          297           55 
 133          -767.7651806496442           98.67586049171555          -2054.45813400597            63.0759649391885            1016          300           28 
 134          -789.7117860202596           98.66981810350347          -2041.283821860128           62.75257486404232           1001          304           16 
 135          -813.3556326332468           98.67403983129478          -2024.350174210098           62.42115228889617           986           308           24 
 136          -836.4098610185168           98.67189204777708          -2005.47773123709            62.08708596375003           974           311           20 
 137          -857.4336622231431           98.67242274226545          -1986.635568506945           61.75751963860387           944           313           21 
 138          -879.672754359729            98.67407418321356          -1965.12404477419            61.42080956345775           905           316           24 
 139          -898.4732490738493           98.67484356830292          -1945.333678013721           61.12239344732914           905           318           25 
 140          -929.9141483701967           98.69707709565688          -1908.207408513055           60.73640837218294           905           321           49 
 141          -978.5831410361648           98.73345518394288          -1845.63372671954            60.25766704703676           905           323           76 
 142          -1036.745887334265           98.76211131667657          -1766.840811945855           59.70710572189061           905           325           85 
 143          -1093.323617151143           98.76211131667657          -1686.967153067268           59.15186439674448           905           326           85 
 144          -1148.330622747827           98.76211131667657          -1606.003764865203           58.59662307159835           905           327           85 
 145          -1201.957579817035           98.76211131667657          -1524.118666685402           58.04138174645222           905           328           85 
 146          -1254.749389685654           98.76231064486636          -1441.716221617995           57.4861404213061            905           328           85 
 147          -1307.15737345211            98.76231064486636          -1359.089237021753           56.93089909615997           905           328           85 
 148          -1359.559548161342           98.76231064486636          -1276.45856646041            56.37565777101384           905           328           85 
 149          -1411.961722870574           98.76231064486636          -1193.827895899066           55.82041644586771           905           328           85 
 150          -1464.363897579806           98.76231064486636          -1111.197225337723           55.2651751207216            905           328           85 
 151          -1516.766072289038           98.76231064486636          -1028.56655477638            54.70993379557546           905           328           85 
 152          -1569.16824699827            98.76231064486636          -945.9358842150253           54.15469247042933           905           328           85 
 153          -1622.053686276963           98.74917340447935          -862.5431751379963           53.5994511452832            905           328           85 
 154          -1674.10286753262            98.73362551006177          -780.4691243340583           53.05821232013702           905           328           76 
 155          -1726.430790433177           98.75029823244857          -697.9730752129181           52.51436349499083           905           328           85 
 156          -1780.453525736553           98.74861350667418          -614.0619212442811           51.9591221698447            905           327           85 
 157          -1834.562388542956           98.74157796339038          -532.2138738602461           51.41426834469851           905           327           81 
 158          -1890.096182440281           98.7579674480557           -449.9615496006301           50.86099576955237           905           326           85 
 159          -1946.22668557997            98.74501521027933          -367.5381199931437           50.30601694440622           905           326           84 
 160          -2000.710829610122           98.73184670094773          -288.2407530377682           49.76868186926001           905           326           76 
 161          -2051.529119455656           84.33177031824346          -215.0901295687766           49.25797122051931           905           326           71 
 162          -2102.68510461132            63.70259257449038          -142.3419404557284           48.74872050751156           905           325           69 
 163          -2146.97152193061            43.0523389940462           -80.17709350820535           48.28272229303373           905           325           49 
 164          -2174.903179720936           22.40454383926333          -41.66424623695313           47.90328907423928           905           324           23 
 165          -2188.526509563601           1.775477919058645          -23.36499314039484           47.592469602176             905           323           15 
 166          -2189.771854982381           2.854980241860602          -21.71911205826802           47.52800872690726           905           323           0 
 167          -2200.206687984048           23.49565214372185          -5.587782405893766           47.22631694230073           905           333           24 
 168          -2209.033166579858           41.23165754251951           20.41052303195426           46.93656461534018           905           351           23 
 169          -2207.864964172964           61.86160104979503           52.40819317362653           46.598222207667             905           13            28 
 170          -2188.580546550062           82.1877695944721            96.56355227147044           46.21379682186777           905           31            53 
 171          -2142.300275262351           83.98761977045547           174.2523085448431           45.69170459469753           905           31            85 
 172          -2093.93902150328            83.98597211414783           258.9272852132961           45.13720300763694           905           29            85 
 173          -2050.282872755298           83.91581128274041           334.7627679915671           44.62898017057622           905           34            52 
 174          -2022.29753431455            83.88381025045752           370.415334551935            44.25240858351548           905           47            22 
 175          -1993.253008805937           83.89382763426001           388.6076398919616           43.90626074645481           905           68            32 
 176          -1941.17151165632            83.91219850960337           399.3301319954933           43.50721540939412           905           87            48 
 177          -1878.77731046656            83.90634834752851           394.2005565630211           43.08094882233341           905           102           44 
 178          -1823.522549043938           83.9209266149972            376.222264274234            42.66809973527271           905           112           54 
 179          -1747.1552924503             83.95283195062962           343.2604117721618           42.17638064821195           905           115           74 
 180          -1664.919553348045           83.94944677600017           306.2832525431661           41.6610103111512            905           115           72 
 181          -1585.25864860904            83.9438503493987            269.9482965896157           41.15499622409045           905           115           69 
 182          -1509.552438472856           83.93643435473713           235.6467046639153           40.66435713702973           905           115           65 
 183          -1436.787055028521           83.93218178417803           203.2605107468545           40.18532429996903           905           114           62 
 184          -1366.42294401261            83.92805117388916           172.5346035344147           39.71566646290834           905           114           59 
 185          -1298.522319915906           83.92404353229985           143.481159553223            39.25538362584756           905           113           57 
 186          -1225.056982705453           83.92185333166367           112.7614850121121           38.75858438008064           905           113           55 
 187          -1159.639290650483           83.92185333166367           86.05555549850415           38.30833279301975           905           113           55 
 188          -1092.963132563514           83.92611209848877           62.47732979406381           37.85793495595887           905           110           56 
 189          -1010.20103436534            83.93488944425994           32.35374076659171           37.35004961889811           905           110           66 
 190          -934.4224190044291           83.95169680318055           8.255375061943058           36.87135053183737           905           107           73 
 191          -855.1646193616596           83.92467645077105          -22.3892549431529            36.37223269477661           905           118           57 
 192          -796.4893597163334           83.9202362908436           -62.06975348250813           35.92083360771583           905           130           54 
 193          -746.8245467261401           83.91647498461798          -108.3462948360071           35.47892577065507           905           133           51 
 194          -696.4841460734706           83.91283947325243          -149.1607133457206           35.04639293359433           905           129           49 
 195          -647.782833404117            83.909330644305            -187.0223201449828           34.6232350965336            905           128           46 
 196          -601.2609256634034           83.90594935440591          -222.5058210386255           34.20945225947288           905           128           43 
 197          -554.269793337746            83.8979996016695           -257.6518165486265           33.79487817241216           905           127           38 
 198          -523.8454036985612           83.88450041030244          -280.0403478296441           33.4387890853514            905           127           23 
 199          -500.355081102899            83.88553439105498          -297.9606592542122           33.10612999829075           877           128           23 
 200          -470.0336398283666           83.88992797411228          -320.0423483571648           32.75211841123001           877           124           29 
 201          -434.9553773126264           83.88925304587855          -340.121315735484            32.38972557416926           872           117           29 
 202          -400.4004768019422           83.89271699367167          -354.530386963482            32.03573648710848           872           111           31 
 203          -357.8297400785635           83.8941649258073           -368.7682206594231           31.66112240004773           864           108           33 
 204          -309.3924289078658           83.90528847430581          -380.717585356702            31.272794562987             864           100           43 
 205          -255.5094500587625           83.92069605771815          -384.2311086777242           30.90660819811476           859           90            54 
 206          -177.0659257686272           83.95047467849265          -379.0772764189314           30.42128907931281           859           87            72 
 207          -83.86554645321417           83.95160251205618          -377.0235343506806           29.9048137739933            859           91            74 
 208          -3.825181576733031           83.91826476822797          -382.7499946320437           29.42191093693254           859           98            54 
 209           46.58209592854323           83.88713375289986          -393.7587097231348           29.0258430998718            859           108           27 
 210           71.8699137601669            83.87892007544514          -403.3762027487987           28.69908651281106           859           113           16 
 211           90.94802583530283           83.87810400027196          -411.7596684680208           28.3895761757503            848           115           15 
 212           111.4904395689166           83.87845082923974          -421.3944416355              28.07527708868957           830           115           16 
 213           134.9479532129415           83.88362824054582          -430.8001282901842           27.75445300162883           809           111           22 
 214           160.7067828613926           83.88125504333861          -440.0163254492135           27.42094888282686           809           110           19 
 215           188.3574555716761           83.88121257154784          -450.3683808229422           27.09478982750734           771           111           20 
 216           212.0802857164557           83.88335683156672          -458.024059694949            26.77459574044662           771           107           21 
 217           249.8318536672192           83.89490220603045          -468.10091150079             26.41674415338584           739           105           34 
 218           285.3800751115695           83.89227863059257          -476.4576715072066           26.10279657025482           713           102           32 
 219           307.4341975832593           83.86951359209893          -477.1064978843085           25.7943937649353            713           67            1 
 220           308.8963711112653           83.8788806745779           -473.2406749917231           25.51905214613334           713           21            15 
 221           308.5517187885563           83.91826476822796          -428.3050839943167           25.14187680907261           713           348           52 
 222           276.7871747635245           83.94740808004003          -356.063422979309            24.66327522201186           713           328           71 
 223           220.82994312871             83.95321183049408          -284.378598329842            24.15510241669236           713           320           75 
 224           164.9762705714763           84.13321916173408          -217.8182962869294           23.64105750039056           713           321           67 
 225           114.0244422499758           67.06360126798153          -154.8145151273166           23.15778866075995           713           322           62 
 226           68.06156180668745           46.42890656561493          -95.46062006676597           22.70399897416117           713           323           56 
 227           29.21371310950142           25.7870864016078           -42.77083719996355           22.27117237375373           713           325           44 
 228           7.183679381923628           5.13067391553246           -11.64177755645165           21.91578701916142           713           325           10 
 229           6.078734598705728           0            -10.11902972951054           71.8452086940412            1200          324           0 
 230           6.076704718105122           0            -10.11625557152432           121.8452086940412           1200          324           0 
 231           6.074959228802864           .1325835948474783          -10.11386964335011           146.8452086940412           1200          324           0 
 232           1.822757572771707           20.57385004839071          -4.624427323502753           146.5735992266428           1200          323           18 
 233          -26.55839472473877           41.18805379369847           30.83204093040881           146.2013174475866           1200          321           43 
 234          -63.73699572328827           61.81240678107488           75.54454379865078           145.7904781700352           1200          320           46 
 235          -106.3092314285645           82.43683705585914           124.8730664050306           145.3580313928002           1200          319           55 
 236          -157.3514968566378           103.0629139265046           182.1685985907636           144.8882946163332           1200          318           64 
 237          -211.0544226042891           110.6524603056747           240.8281353142884           144.4080182226428           1200          318           62 
 238          -265.6321044040311           110.6529479746056           298.8030055392941           143.9276410089562           1200          317           64 
 239          -320.6580056105207           110.6525139843106           355.6921017808643           143.4485425452696           1200          316           62 
 240          -379.3922259181452           110.6552086676688           414.7672981308965           142.956086581583            1200          315           72 
 241          -441.1389227451556           110.6523754649124           475.4510243181705           142.4510568678965           1200          315           62 
 242          -494.238652887815            110.6548726262164           515.3374343805297           142.00934215421             1200          296           38 
 243          -522.0862053693295           110.6731766882674           520.5698579724705           141.6750236905235           1200          258           9 
 244          -522.2288162378198           110.6894047131914           522.2266272876693           141.4036489768367           1200          212          -7 
 245          -520.338453263946            110.6634332590392           526.5535461863188           141.1257080131501           1200          166           15 
 246          -493.663109636972            110.6625861423642           455.7409166369663           140.6654007380108           1200          159           85 
 247          -458.1995474794778           110.6536703182945           368.8484307865185           140.133071024324            1200          158           68 
 248          -426.4034290806511           110.6526177982754           296.277991821557            139.6535188106374           1200          157           63 
 249          -395.5093639437997           110.651813353154            226.9572312611332           139.1844440969508           1200          156           53 
 250          -372.7916691329844           110.6568258395303           175.9867241752918           138.7755831332642           1200          156           33 
 251          -359.558849146423            110.6640248032986           146.2969360824774           138.4325384195773           1200          156           19 
 252          -349.5467062882302           110.665966806419            123.833213299536            138.1115399558905           1200          156           17 
 253          -340.9658535030742           110.6680499948816           104.5808014095837           137.7999164922037           1184          156           14 
 254          -333.421835413713            110.6658864122673           87.65468145413136           137.495410528517            1178          156           16 
 255          -322.0458292712233           110.6638755566943           62.13092974769116           137.1658358148304           1178          156           20 
 256          -311.5737486337617           110.6648232170348           39.27887447522564           136.8434648511436           1178          155           18 
 257          -299.8958669801156           110.6628918740224           16.05972501247275           136.5241969817305           1160          153           21 
 258          -286.6699966683735           110.66174580949            -7.81298350157659            136.2268345836861           1160          149           23 
 259          -271.306599357618            110.669322736329           -26.02435710908202           135.9069986199993           1160          129           13 
 260          -259.0085780838338           110.6741736620934          -31.30699136662308           135.6149464063126           1160          93            7 
 261          -252.9255267444966           110.6794917638494          -29.49171670587552           135.341666692626            1160          49            2 
 262          -252.7362299337252           110.68378252524            -30.1905903615917            135.0811444789392           1160          2            -3 
 263          -261.2418056941773           110.656922607224           -12.30562519810208           134.7739047652524           1160          331           30 
 264          -288.1792779219213           110.6551029420482           30.84700341840224           134.3734682072921           1160          328           36 
 265          -306.7884427657794           110.6646308537508           59.75924233517868           134.032626587879            1148          328           19 
 266          -321.4954722510084           110.6602205116786           83.4154049071475            133.7034943741922           1148          330           25 
 267          -340.4008074308852           110.6572434395503           116.5338015854457           133.3464134105053           1148          331           31 
 268          -361.5431533693724           110.6565879363797           152.3114100855834           132.9796236968181           1146          329           32 
 269          -381.5730985185766           110.6558220076932           187.9701564960921           132.6070908888575           1123          333           34 
 270          -405.727648223452            110.6519677371985           235.6191926947891           132.2151030194446           1109          334           49 
 271          -436.8769518012125           110.6522301926976           298.842374718708            131.7644483057581           1059          334           60 
 272          -465.9026733352301           110.1954858027202           362.6890839605138           131.3112242370851           1050          342           33 
 273          -469.1607608185041           90.97743103055937           360.2404146343977           130.9972556876101           1050          9            -34 
 274          -502.6744236885068           70.39937533681793           301.2132547495172           130.5526315480688           1050          46           -60 
 275          -549.6439693527002           49.70715120379108           263.4941950528635           130.1318236526297           1050          54           -26 
 276          -558.9720113973882           29.063251216036             256.9184365140314           129.8485169934882           1050          61           -9 
 277          -570.048755446824            31.00328556699838           252.549850042008            129.5651589846046           1050          77           -5 
 278          -552.5612290068031           34.44263012477714           253.4138802030698           129.2662286453142           1034          90            25 
 279          -530.5117773787814           34.44944269051852           252.94957529826             128.990434208712            1015          93            15 
 280          -506.9664445086791           34.44625864334812           255.356355393698            128.6758378870815           1015          74            19 
 281          -484.3747967273097           34.44445262463442           270.9160897658724           128.350212815451            1015          39            22 
 282          -474.5599349735463           34.44278868798747           300.1325775150298           128.0152127438205           1015          2             24 
 283          -485.1357540749788           51.9572774868261            333.2077336780311           127.6693943807375           1015          328           29 
 284          -519.246473671403            72.16404584399876           373.234721664799            127.2710781238051           1015          319           50 
 285          -554.4336719909391           93.20707515172923           413.3626618139018           126.8744418700107           1015          320           31 
 286          -577.4638792747558           104.513168941282            440.744886661134            126.5234247476654           1015          321           24 
 287          -594.792742266893            104.5186402437053           461.4965181693701           126.1958186828712           1015          320           16 
 288          -606.6743575826588           104.520201619243            475.347711640058            125.892043868077            1005          319           14 
 289          -620.119672592683            104.519943185544            490.8349407833587           125.5824603032825           1000          320           14 
 290          -634.922073680109            104.5163103206034           508.7693336524833           125.265852988488            997           322           19 
 291          -650.3726357117141           104.5177883989618           527.9326018011              124.9451431736935           997           321           17 
 292          -667.1043291601862           104.5147718159565           547.729411237978            124.619839608899            969           320           21 
 293          -687.0120455905302           104.5123050078985           570.7591894102825           124.2854385441047           969           320           25 
 294          -709.3895009714715           104.511721973373            597.7391993603038           123.93680247931             952           321           26 
 295          -732.0665949353175           104.5098833488662           626.4614408741452           123.5841014145155           902           323           29 
 296          -753.6798425063365           104.5096997613743           655.2413575574904           123.2609245274965           901           325           30 
 297          -764.6363138229              104.5294277794953           675.9579346818121           122.948460408998            901           347           5 
 298          -765.4937058161656           104.5383734599338           670.0391620479181           122.6691361479077           901           20           -5 
 299          -754.0323249580001           104.506618541708            684.7635971135497           122.3689870294091           901           40            35 
 300          -705.0783787206088           104.5134119374778           745.3740703623876           121.8944184646148           901           39            83 
 301          -645.2319323543392           104.5127596017583           824.4998086139683           121.3389736498204           901           37            84 
 302          -592.9836320932722           104.5057220285353           900.3895519769083           120.8138138350261           901           33            68 
 303          -552.6014288797747           104.5042811962744           968.5049432914843           120.3345052702317           901           29            61 
 304          -516.3646792650745           104.5071715394738           1041.584870111305           119.8380147591413           901           26            72 
 305          -477.7838666104943           104.508905188224            1126.663442313075           119.319690640643            901           24            77 
 306          -443.283000961082            104.5052638635635           1205.410942782237           118.8212040221445           901           24            66 
 307          -411.1708506092863           104.503872173418            1281.411955553315           118.3132476721665           901           23            56 
 308          -379.849343422251            104.508317793057            1354.990078374035           117.832487857372            901           24            74 
 309          -340.8990788948933           104.5194902508247           1443.917003161891           117.2841567925777           901           24            85 
 310          -301.0132618811541           104.5167055278057           1533.068820461537           116.7286219777833           901           25            85 
 311          -259.8209148158807           104.5150703896518           1623.644150834407           116.174478412989            901           25            85 
 312          -219.3027639960413           104.5194902508248           1712.699656704148           115.6189435981946           901           25            85 
 313          -179.194416251713            104.5175642084174           1801.683243378084           115.0634087834003           901           25            85 
 314          -138.7263206286071           101.9822552557104           1892.410301614558           114.5085433736018           901           24            83 
 315          -100.140068950764            81.45343233073558           1979.908058426705           113.9717068250824           901           24            77 
 316          -64.71880242256707           60.82346044783564           2061.317072299547           113.4604113718687           901           24            63 
 317          -42.04253094411622           40.20608061651254           2114.418230358318           113.0472684124915           901           23            27 
 318          -29.25936468368626           19.58105581178636           2145.371993505333           112.7064891980758           901           23            26 
