 0             9.999999994736442D-09       0             0             41            1200          360           0 
 1             9.999999994736442D-09       0             0             91            1200          360           0 
 2             9.999999994736442D-09       0             0             125           1200          360           0 
 3             .1893984535853518           19.36822192063891           18.42401591219842           124.718767073774            1200          1             35 
 4             1.590197601270585           40.0566398480197            98.0489088088317            124.2455521841402           1200          2             85 
 5             3.762710643200284           60.68659655119785           196.9838587430366           123.6816730390127           1200          2             85 
 6             6.321315850495906           81.31159655119757           295.8947545411078           123.1388961765751           1200          2             85 
 7             9.266271241327697           97.1515965511974            394.7949011837364           122.5840513553121           1200          2             85 
 8             12.5975318793003            97.1515965511974            493.6827895763522           122.0177865577236           1200          3             85 
 9             16.31504693347472           97.1515965511974            592.5569108114405           121.4737282227856           1200          3             85 
 10            20.41875967914557           97.1515965511974            691.4157561915597           120.9185666565224           1200          3             85 
 11            24.83771945733              97.1515965511974            790.2610431193585           120.3634050902591           1200          3             85 
 12            28.49341887719795           97.1515965511974            889.1369657801553           119.808243523996            1200          2             85 
 13            30.99019158470537           97.1515965511974            988.0489384949067           119.2530819577326           1200          2             85 
 14            32.32769470422282           97.1515965511974            1086.983377926722           118.6979203914694           1200          1             85 
 15            32.5057445597494            97.1515965511974            1185.926697653402           118.1427588252061           1200          360           85 
 16            31.5243167001408            97.1515965511974            1284.865310033232           117.587597258943            1200          360           85 
 17            29.3835459024604            97.1515965511974            1383.785628071011           117.0324356926796           1200          359           85 
 18            26.2380759931366            97.1515965511974            1482.679496828051           116.4772741264164           1200          359           85 
 19            22.94210022417415           97.1515965511974            1581.568630485377           115.9221125601531           1200          359           85 
 20            19.64612445521211           97.1515965511974            1680.457764142703           115.3669509938898           1200          359           85 
 21            16.35014868625117           97.1515965511974            1779.34689780003            114.8006861963013           1200          359           85 
 22            13.05417291729396           97.1515965511974            1878.236031457355           114.2455246300381           1200          359           85 
 23            9.758197148339944           86.4705965511975            1977.125165114681           113.7016028491003           1200          359           85 
 24            6.441856329798483           65.83062159853586           2076.62531118596            113.1474806451301           1200          359           85 
 25            3.778342389104165           45.14969106685761           2156.53869785616            112.6668659332978           1200          359           37 
 26            3.40545661078674            24.51375260177602           2167.726386770142           112.3755399477946           1200          359          -5 
 27            3.601140376354676           3.888556868073295           2161.855288374894           112.109102708191            1200          359          -2 
 28            3.278043311617662           12.75739663695762           2168.272091871126           111.8875025026367           1200          356           15 
 29           -3.984415842754224           33.38641116684244           2196.207912537433           111.5611225936724           1200          337           24 
 30           -25.21307811003983           54.0155984900098            2227.14293090309            111.2102439350572           1200          317           31 
 31           -63.7186607564351            67.7971393877007            2253.508747025763           110.8331396343267           1200          295           37 
 32           -115.264201525155            67.8013346511608            2265.915802202783           110.4380449136453           1178          276           44 
 33           -165.8087060120078           67.8050702963331            2265.396293934387           110.0502214429638           1178          266           45 
 34           -246.1414046876655           67.85032466791157           2253.23619920436            109.5711942222823           1142          259           81 
 35           -325.2159511823431           67.85896829085914           2232.19934182306            109.1176950013237           1129          251           85 
 36           -404.7229714887791           67.81508820359385           2192.668065696803           108.6085252806424           1129          235           57 
 37           -444.9391962936452           67.79829892921198           2146.618624859994           108.187533059961            1129          208           39 
 38           -453.5524249057918           81.79266595885753           2101.053335902961           107.8090568078936           1129          175           34 
 39           -429.1813353145206           83.87105837248861           2038.689784515522           107.3725235904297           1129          150           73 
 40           -371.3524726101023           83.85994330717081           1964.386697968986           106.8459997455101           1129          135           68 
 41           -304.395932988677            83.86368776041527           1919.440948320042           106.3661746505905           1129          116           69 
 42           -218.942752519092            83.85423455014238           1890.602594106517           105.854332055671            1129          104           63 
 43           -141.7342582295263           83.85863543391098           1874.711937537196           105.3818344607513           1129          103           65 
 44           -53.50408016378585           83.88306176097038           1851.895495605213           104.8681093658317           1129          107           82 
 45            40.77216437398816           83.87744929193397           1821.301335327731           104.3240542709122           1129          110           79 
 46            133.905684154311            83.90047721211811           1786.478973318287           103.7736391759927           1129          112           85 
 47            226.3760863917847           83.88155430063951           1748.12364808304            103.2202390810732           1129          114           82 
 48            317.6277913926396           83.87761115773584           1706.248592267183           102.6711439861537           1129          116           80 
 49            390.6068390812771           83.84027636141948           1667.425105503384           102.1831026412342           1129          122           51 
 50            433.1815299833594           83.82603834018701           1636.137911121407           101.7865650463148           1111          132           32 
 51            466.4646076250107           83.82788670333672           1602.454160198925           101.4070149513952           1085          139           35 
 52            494.4275333583188           83.8388715964248            1568.047012360976           101.0760709216628           1085          143           47 
 53            547.9464816289128           83.9002903634818            1499.34555590195            100.5742258267432           1085          142           85 
 54            610.1318939287077           83.89973093491561           1422.406499380711           100.0197269818237           1085          141           85 
 55            674.830051788333            83.88915976135192           1346.06771350128            99.45413816000585           1085          140           85 
 56            741.768295691347            83.8989876400085            1271.070031293912           98.91072929198475           1085          138           85 
 57            809.894180705252            83.89797048757021           1199.240678709848           98.35623044706526           1085          136           85 
 58            880.9002983716227           83.87736843219038           1128.934513787101           97.79528787524744           1085          134           79 
 59            953.1758780967916           83.90001043962873           1061.45014934768            97.26038025722632           1085          133           85 
 60            1025.954357740277           83.90047721211765           994.3921149547344           96.70588141230682           1085          133           85 
 61            1099.07322388698            83.8972342941982            927.5469992657341           96.14029259048894           1085          133           85 
 62            1173.579633730221           83.88828629094485           860.1081336319514           95.59688372246784           1085          132           85 
 63            1248.608962647493           83.87981540911565           793.244826077307            95.04724487754835           1085          132           81 
 64            1321.216210065612           83.87480672027601           729.8488795388053           94.51373853262888           1085          131           77 
 65            1395.419980964151           83.8916307906114            666.9113218896397           93.9767709377093            1085          130           85 
 66            1471.801499319483           83.89954483141688           603.7234959808878           93.42227209278981           1085          130           85 
 67            1548.239609263172           83.86802165393334           542.0058394005663           92.87860699787031           1085          129           73 
 68            1623.042755940227           83.8963182688163            483.3536423450267           92.34934565295073           1085          128           85 
 69            1701.505352166001           83.89787829960825           422.8187767840233           91.79484680803124           1085          128           85 
 70            1781.104099493634           83.88828629094493           361.9315003889618           91.24034796311175           1085          128           85 
 71            1861.315805287901           83.8870714505626            300.1636582683841           90.68797911819226           1085          128           85 
 72            1939.919122270294           83.90038376453242           237.67717316201             90.13348027327277           1085          129           85 
 73            2016.301637519306           77.7540103156188            174.5313404315662           89.56794388295226           1085          131           85 
 74            2089.16036336418            57.08804189958032           111.2416710637161           89.04154135699901           1085          133           66 
 75            2135.637689649478           36.4385447088207            66.51858106410894           88.61271123929964           1085          136           40 
 76            2167.403855903987           15.80394528415946           32.50498330534443           88.23714611965625           1085          138           27 
 77            2180.330873275275           .7919341612858881           18.42717936598147           87.9805300402482            1085          138          -1 
 78            2184.074263406847           21.41950972630451           12.69747125946431           87.71235200327328           1085          154           10 
 79            2186.781222627891           42.05109643687333          -9.820788293207546           87.40163396737648           1085          187           24 
 80            2170.237012049744           62.68816439317695          -49.69834218902577           87.03471843324576           1085          215           40 
 81            2126.190388241287           71.52139524538278          -91.33320991619901           86.61743540308373           1085          236           47 
 82            2081.078069766207           71.50579548602507          -114.477593008991            86.22707130806224           1084          251           29 
 83            2048.731873814505           71.50354648732713          -122.793073265494            85.88541596304087           1055          259           24 
 84            2013.8739408711             71.50322624156286          -130.397487906489            85.53799311801944           1044          257           24 
 85            1988.410754117198           71.50328985825736          -136.5475777015536           85.25626402820137           1022          258           24 
 86            1941.455649204              71.53909069095043          -150.6295158937697           84.87323493317987           1022          247           59 
 87            1859.313477844991           75.90603508318593          -198.8143695560841           84.34125030669428           1022          236           85 
 88            1783.53746534517            95.07593459064384          -262.2071200478611           83.77554996714987           1022          226           85 
 89            1718.44503803866            95.4320260876603           -337.7987678916378           83.22328645804585           1022          217           78 
 90            1676.68749774776            95.40832639820781          -407.7796269193426           82.75408816722582           1022          206           60 
 91            1645.363642411451           95.44109467512151          -489.714454221791            82.25130557262158           1022          199           82 
 92            1616.10229105983            95.45853388274627          -584.5907979140933           81.69658172801771           1022          197           85 
 93            1588.920739694866           95.43994332658357          -680.5902852463061           81.14176788341383           1022          196           83 
 94            1564.436847945456           95.4089444441653           -767.4067543522683           80.62819653880951           1022          196           62 
 95            1546.017980534516           95.3913326949406           -834.9242927352468           80.18116144420536           1022          195           47 
 96            1530.306858699344           95.39531080859536          -893.5162058044432           79.76320009960122           976           197           49 
 97            1507.787215649732           95.41259544308403          -952.4445259824413           79.36176291634952           961           205           64 
 98            1465.869870002588           95.4362786051574           -1031.696728208002           78.85112407174505           961           211           80 
 99            1411.395533637187           95.45833879698655          -1115.214910428337           78.29841022714103           961           216           85 
 100           1351.048277152295           95.45476280400716          -1193.565184636077           77.75443540942928           961           220           85 
 101           1283.545049439658           95.44091702224836          -1268.30648190891            77.19979781482536           961           225           83 
 102           1213.60272397285            95.42145998929421          -1333.78096776188            76.65650619332901           961           230           71 
 103           1142.549835930124           95.43371265440761          -1388.046655022941           76.14714234872463           961           235           78 
 104           1060.695913016642           95.45285608502552          -1445.420272244877           75.59634100412055           961           236           85 
 105           978.0670021767003           95.4393266972199           -1502.640654038672           75.04228465951663           961           236           82 
 106           900.5256379965405           95.4234115523934           -1556.79886335475            74.51470331491235           961           235           72 
 107           825.1122911093642           95.43888767591628          -1610.444186235305           73.99416822030811           961           235           81 
 108           744.4301063968653           95.45872915145921          -1668.92001735697            73.4399768757042            961           234           85 
 109           664.0224939993834           95.44687938073302          -1728.157391313132           72.88490053110037           961           234           85 
 110           583.4440969526671           95.4587291514592           -1787.238661781064           72.34092571338861           961           235           85 
 111           502.626277333919            95.45257167245632          -1845.087760560787           71.77474784189271           961           235           85 
 112           421.197790355319            95.45872915145915          -1902.450871223801           71.21967149728887           961           235           85 
 113           340.2526842720018           95.45872915145915          -1959.059045059735           70.66459515268504           961           236           85 
 114           258.8706797994797           95.44733942720332          -2016.479864779197           70.12062033497328           961           235           85 
 115           178.7051222799911           80.62379164631496          -2074.00690093261            69.56641919576065           961           235           76 
 116           111.1279988961217           59.96826989908585          -2123.560157018843           69.08637143248943           961           234           54 
 117           69.14595225270455           39.32269179769487          -2155.374852261206           68.68415522178808           961           233           32 
 118           35.91098433522285           18.6926508971891           -2181.25310536191            68.32825495134824           961           233           25 
 119           21.8904527391782            0            -2192.008979263815           68.05016521656344           961           233           0 
 120           16.16457810086192           16.88404544450082          -2195.307526670787           67.8219011845615            961           245           16 
 121          -21.69749986251358           37.52483832796924          -2201.189467216632           67.46831690255871           961           273           40 
 122          -86.74521225351734           58.16723612443558          -2189.498473517017           67.03588137409244           961           284           57 
 123          -160.4926907807467           78.79390673596971          -2170.300792056061           66.57198334642084           961           286           59 
 124          -223.4092371207351           99.39769864767182          -2153.160690297102           66.14837711184424           961           285           39 
 125          -262.341951565569            112.1187432909654          -2142.954861762418           65.77894952470041           961           285           22 
 126          -286.4244557986523           124.2433290426712          -2136.889566900712           65.4578850966134            961           285           16 
 127          -305.685352822657            124.2427776766827          -2131.279964015162           65.14920251108393           935           288           14 
 128          -326.9427240622002           124.244201182058           -2123.78752704363            64.83401367555443           935           291           18 
 129          -346.6078488627097           124.2430699833524          -2116.334886789377           64.5227960900249            935           291           15 
 130          -368.5404132962697           124.2436866690325          -2108.022020134276           64.211533906206             909           291           17 
 131          -388.4417315388751           124.243870714249           -2100.114007472895           63.89931507067656           909           293           16 
 132          -410.951202879688            124.2438243760404          -2090.124002632996           63.5723020834365            880           296           17 
 133          -431.2210709927608           124.2437094839773          -2080.143851683052           63.25697824790702           865           298           16 
 134          -452.879075623071            124.24491966105            -2068.37362231135            62.93623941237753           831           300           19 
 135          -477.1143889498536           124.2462657706425          -2053.960564177663           62.61281972855861           826           302           22 
 136          -501.8178295179858           124.2454418106456          -2037.994381859396           62.27937964302906           826           304           20 
 137          -524.4011986277546           124.2453886175298          -2021.882936042155           61.94388415578885           826           308           20 
 138          -545.940235722297            124.2453886175298          -2004.408378289075           61.61498907025923           781           311           20 
 139          -566.5044823932185           124.2456567558245          -1985.429252838748           61.28543773472966           781           315           21 
 140          -586.3285351346444           124.2456567558245          -1965.029416320447           60.96128305091074           781           318           21 
 141          -605.3202437736177           124.2462940771447          -1943.375333118348           60.62294881367064           781           321           22 
 142          -625.0524956693278           124.2477784991217          -1918.44674506753            60.29015787985171           762           323           24 
 143          -645.5856294885701           124.2493981556741          -1889.73793786213            59.94129404432224           737           326           27 
 144          -665.41617791367             124.2479657250113          -1859.082595889064           59.58191105708221           711           329           25 
 145          -680.0492730800224           124.2487340894722          -1834.023437375015           59.28718878352682           707           331           25 
 146          -705.5296934286562           124.2717359499305          -1788.454145474503           58.89303994799735           707           331           52 
 147          -746.0272822565358           124.3071459593636          -1716.049224601295           58.4051561124679            707           331           78 
 148          -796.1851215401307           124.3306686278276          -1629.7452473472             57.85202602693845           707           329           85 
 149          -848.729723418906            124.3312468446404          -1546.128562300444           57.29550594140905           707           327           85 
 150          -904.4243934384865           124.3312468446404          -1464.593728657668           56.73898585587966           707           325           85 
 151          -962.0537797394403           124.3312468446404          -1386.859352302762           56.19359617206084           707           323           85 
 152          -1025.148942581295           124.3312468446404          -1308.356698680562           55.62594568482086           707           321           85 
 153          -1089.452140796058           124.3312468446404          -1233.417258918096           55.06942559929146           707           320           85 
 154          -1154.718769745532           124.3302840698308          -1159.286809665396           54.51290551376206           707           319           85 
 155          -1221.395171277567           124.3174719333966          -1084.317149063197           53.95638542823266           707           319           85 
 156          -1288.463251677876           124.317920558875           -1008.316636638891           53.4007728427032            707           319           85 
 157          -1354.781325588392           124.3270451275826          -932.5706824685803           52.8442527571738            707           319           85 
 158          -1419.626896589424           124.3311503602572          -857.9195866365492           52.2877326716444            707           320           85 
 159          -1484.636490703462           124.3233032378132          -782.6910717912097           51.731212586115             707           320           85 
 160          -1550.05719767928            124.3310539218274          -707.253814801189            51.1746925005856            707           319           85 
 161          -1615.318118590447           124.3310539218274          -633.0954270571061           50.6181724150562            707           319           85 
 162          -1681.477487449461           124.3290393466157          -559.6339033541465           50.0616523295268            707           318           85 
 163          -1748.939093169647           124.3310539218275          -486.8773042985658           49.5051322439974            707           317           85 
 164          -1816.85039553397            124.3310539218275          -415.137909458134            48.948612158468             707           317           85 
 165          -1875.556430147424           124.3310539218275          -353.7293337403044           48.47000488491271           707           317           85 
 166          -1943.791588748354           123.0110539218275          -282.2975953872884           47.91348721938328           707           317           85 
 167          -2011.773046334148           102.9250539218277          -210.624417724489            47.3575130363538            707           317           85 
 168          -2079.507794079818           82.29813542210945          -138.6502205170324           46.80256856332068           707           317           85 
 169          -2146.398414581412           61.63624968835541          -67.00593897418246           46.25901658906054           707           318           71 
 170          -2183.108901032076           40.96240049576087          -26.65819512626027           45.85488960034113           707           319           16 
 171          -2194.19347485166            20.33843763822153          -13.3632507233582            45.55815134967336           707           322           17 
 172          -2207.564067253571           0             3.912525421615921           45.24994559782263           707           324           9 
 173          -2209.748229805494           11.10862488398175           7.160987085084486           45.1053876329697            707           328           13 
 174          -2225.7344300009             31.74760232635121           42.71141520490633           44.75248397751644           707           343           36 
 175          -2231.451895469107           52.3701593032171            90.40549755683951           44.37169532342642           707           4             34 
 176          -2220.242969334243           72.9917363036394            130.475767188666            44.00733541953443           707           27            29 
 177          -2194.785952394594           92.40673630363918           160.0159732352366           43.64937664571695           707           53            29 
 178          -2155.111490339264           92.9648659664944            177.4053216205228           43.27969131939944           707           77            38 
 179          -2083.480870093842           102.2820218775741           179.9602428969586           42.82807266314805           707           95            77 
 180          -1985.567670527711           112.371538770092            166.5798762978623           42.27446572956631           707           101           85 
 181          -1888.704196495946           112.3475434081707           142.779344382749            41.72057252418784           707           107           80 
 182          -1802.028338949467           112.3388844592457           111.6893264067908           41.20015556880925           707           113           73 
 183          -1723.311822903325           112.3212084083373           74.63943263764222           40.69721361343072           707           118           62 
 184          -1657.884553745462           112.3178884628834           40.90972328528573           40.23875040805226           688           117           58 
 185          -1579.72147709503            112.3577222556458           3.242101167865974           39.73785220267376           688           115           84 
 186          -1489.221351575406           112.3695879083607          -37.05092197643851           39.18193774729528           688           114           85 
 187          -1396.4043065015             112.3555461953622          -75.35980406274615           38.62607204191681           688           112           84 
 188          -1303.059144199533           112.3711471341492          -111.6442913701611           38.07133883653834           688           112           85 
 189          -1210.369282879135           112.361502265245           -147.5315625209958           37.51541688115986           688           112           85 
 190          -1118.968873644621           112.3439835012517          -184.0394657539796           36.9709924257814            688           113           77 
 191          -1031.959629683993           112.3472007113858          -222.810656388724            36.43946797040295           688           116           79 
 192          -947.7304888652823           112.3370405286062          -265.2784826901303           35.91092101502446           688           119           73 
 193          -872.9177226616176           112.3297001356754          -308.3414294726684           35.41089655964603           688           122           67 
 194          -794.4715833491382           112.3502253095166          -353.6577105622168           34.89641585426758           688           116           80 
 195          -701.7486586454101           112.3479728591858          -386.0495139608158           34.35270764888913           688           104           79 
 196          -607.6379880645823           112.3444868515907          -395.0824566649671           33.82267944351071           688           89            77 
 197          -511.8310886991727           112.3544683577048          -379.8369641321482           33.28382748813228           688           75            83 
 198          -418.9143210098065           112.3540212692541          -343.7062697342828           32.73452428275382           688           64            82 
 199          -333.375106564875            112.3719311366112          -292.846244781263            32.17916482737534           688           56            85 
 200          -255.2472820513827           112.37124497461            -232.3812544647607           31.62324287199686           688           50            85 
 201          -181.227384893351            97.561465105276            -166.9409651996283           31.0675828431018            688           48            85 
 202          -109.8951345543502           76.8991624923123           -101.4244193933817           30.52796274872413           688           48            69 
 203          -63.27570247063636           56.23380174773             -57.03691713668647           30.09639139662131           688           46            31 
 204          -40.14677927618986           35.6020288386546           -35.55822506338465           29.76032128823561           688           50            19 
 205          -25.49584900166098           14.97343946501641          -23.65360155928177           29.45901742912693           688           53            10 
 206          -17.4230277277519            0            -17.52795385564797           79.24715146698345           1200          54            0 
 207          -17.4230277277519            0            -17.52795385564797           125.2471514669835           1200          54            0 
 208          -17.47138766740146           2.029154346278178          -17.56367969777588           154.2220265129862           1200          54           -1 
 209          -34.21334690798951           22.6541799484117           -24.33960260363091           153.9256878538144           1200          81           -33 
 210          -89.3586272241138            26.95532230843401           4.593580211252085           153.496431665671            1200          147          -56 
 211          -103.0201227808476           26.9442555821982            38.29300133766282           153.143713827892            1200          161          -3 
 212          -93.53896910783466           26.9603118670438            14.37635275101801           152.8263659901128           1200          159           27 
 213          -82.24369358688283           26.95628786963927          -15.3425541629684            152.490924402334            1178          160           21 
 214          -70.07917459437626           26.96521159543035          -43.90271739042822           152.193444561844            1150          155           32 
 215          -47.84669048522912           33.75528848740672          -78.9858272627241            151.8315916000675           1150          142           29 
 216          -22.55133731281591           53.91226620683672          -104.5233308387263           151.4837858449697           1150          129           22 
 217          -1.863092882395736           55.35770947804137          -118.2517787379267           151.1650719926531           1141          121           13 
 218           13.10577211484387           55.36047741318707          -126.8249812478495           150.8673150303376           1137          120           16 
 219           36.20888160753714           55.36373833811378          -139.838039281964            150.5452018180223           1090          119           21 
 220           62.80406682721951           55.36858079344168          -153.6347228372797           150.2421701911846           1065          117           27 
 221           98.51121523289244           55.37189722464211          -166.9695509443512           149.8882569788691           1065          101           31 
 222           137.7534251620965           55.36480258518453          -163.798021182043            149.5298475165537           1065          68            23 
 223           155.6024996422903           55.36381891390785          -148.1314696600275           149.2133443042384           1065          29            21 
 224           175.6453689637204           55.46344189622742          -76.63860415799016           148.746638591923            1065          12            85 
 225           190.793809945483            55.46344189622742           20.74963256107083           148.1935628796075           1065          6             85 
 226           195.6056924038162           55.46344189622742           119.1914412737946           147.6404871672922           1065          360           85 
 227           190.087269069351            55.4608956722737            217.5755311968811           147.0874114549768           1065          355           85 
 228           176.6869848621948           55.452899392433             316.6306874236832           146.5343357426614           1065          351           85 
 229           158.7376262493613           55.4384746775769            415.317232631866            145.983960030346            1065          349           80 
 230           141.151127215364            55.41998427617487           502.468622786768            145.4775530680303           1065          349           68 
 231           124.630026682135            55.44745068917356           594.5341112377946           144.9538886057145           1065          351           84 
 232           109.5736091736402           55.46418932785433           692.6232452497538           144.4118894076454           1065          352           85 
 233           96.92430877811064           55.46418932785433           790.2785385097337           143.8477521810837           1065          354           85 
 234           86.5670688536728            55.46418932785433           888.2034520064306           143.2946764687684           1065          355           85 
 235           78.50801304143253           55.46440327546215           986.3381800475552           142.741600756453            1065          356           85 
 236           72.70434901178773           55.44824955398484           1085.537659658696           142.1885250441376           1065          358           85 
 237           69.12466805153777           55.42557240183221           1181.164530229117           141.657514331822            1065          359           72 
 238           66.81155514946036           55.43506896737888           1271.600945806006           141.1455161195062           1065          359           77 
 239           64.2407925428607            55.44895095000803           1370.6666280995             140.6010054071908           1065          359           85 
 240           61.01495117608671           55.44477608861672           1471.471149114633           140.0496734448754           1065          358           83 
 241           57.04135480896257           55.4399115200494            1570.129975238935           139.5177654968063           1065          358           80 
 242           52.19186204164956           55.43952734167247           1666.84125516222            138.9716770202447           1065          357           80 
 243           45.96278717656641           55.44438268940836           1765.111072336007           138.4299450579293           1065          357           83 
 244           38.42999800096055           55.43876121076262           1864.161793180622           137.884916845614            1065          356           80 
 245           30.0759788608943            55.62295155241623           1957.042101963531           137.363059278299            1065          355           72 
 246           20.95239191915503           38.96076452097013           2042.196613490531           136.8684155023553           1065          354           66 
 247           10.13385189349583           18.3339467516169            2127.95803290166            136.3720160270581           1065          353           66 
