 0             9.999999300847051D-09       0            -2.272759373420195D-02       43            1200          360           0 
 1             9.99999963391396D-09        0            -1.825885602616602D-02       93            1200          360           0 
 2             9.999999328602627D-09       0            -1.379011831812951D-02       125           1200          360           0 
 3             9.99999963391396D-09        0            -9.321380610093244D-03       125           1200          360           0 
 4             1.000000079964813D-08       0            -4.852642902056725D-03       125           1200          360           0 
 5             1.000000110495947D-08       0            -3.8390519401868D-04         125           1200          360           0 
 6             1.000000321438321D-08       17.2697412724301           -.263638061230806            124.7798037627115           1200          360           4 
 7             1.000006036311341D-08       37.78253404043898           27.49045278675744           124.4553888548466           1200          360           36 
 8             1.00001861513821D-08        58.31702687809654           95.0556436414303            124.0177839541966           1200          360           68 
 9             1.000037172516066D-08       78.8904583977456            191.3928585766585           123.4794278106062           1200          360           85 
 10            1.00005387859703D-08        99.51545839774532           290.0536611221816           122.924635419165            1200          360           85 
 11            1.0000705319424D-08         120.140458397745            388.7144636677084           122.3688117777235           1200          360           85 
 12            1.000087185287768D-08       140.7654583977448           487.3752662132352           121.8119568862823           1200          360           85 
 13            1.000103838633137D-08       161.3904583977445           586.0360687587662           121.254070744841            1200          360           85 
 14            1.000120491978507D-08       182.0154583977442           684.6968713042987           120.6951533533996           1200          360           85 
 15            1.000137145323876D-08       200.638458397744            783.3576738498313           120.1352147219583           1200          360           85 
 16            1.000153798669245D-08       200.742958397744            882.0184763953638           119.5748556430171           1200          360           85 
 17            1.000170452014615D-08       200.742958397744            980.6792789408963           119.0144965640758           1200          360           85 
 18            1.000187091482196D-08       200.742958397744            1079.34008148643            118.4541374851345           1200          360           85 
 19            1.000203744827566D-08       200.742958397744            1178.000884031962           117.8937784061932           1200          360           85 
 20            1.000220398172935D-08       200.742958397744            1276.661686577494           117.333419327252            1200          360           85 
 21            1.000237051518305D-08       200.742958397744            1375.322489123027           116.7730602483107           1200          360           85 
 22            1.000253704863674D-08       200.742958397744            1473.98329166856            116.2127011693694           1200          360           85 
 23            1.000270358209043D-08       200.924458397744            1572.644094214092           115.6523416834282           1200          360           85 
 24            1.000287011554413D-08       184.6994583977442           1671.304896759624           115.092306636987            1200          360           85 
 25            1.000303664899782D-08       164.0744583977445           1769.965699305157           114.5332756705456           1200          360           85 
 26            1.00032032102071D-08        143.4494583977447           1868.62650185069            113.9752759541044           1200          360           85 
 27            1.00033690497714D-08        122.8662072146162           1967.030795783901           113.4269474864557           1200          360           73 
 28            1.000348734403467D-08       102.3553747053273           2036.22205197509            112.9811777609581           1200          360           33 
 29            1.000354316049723D-08       81.7758395510354            2065.189469531075           112.6505667763714           1200          360           19 
 30            1.00035863481729D-08        61.18274149186264           2084.193597648828           112.347270790643            1200          360           10 
 31            1.000363594738651D-08       40.5037369394848            2106.598463297635           112.0359498039471           1200          360           25 
 32            1.000374544313232D-08       19.84570780262785           2150.564852461058           111.6679025647566           1200          360           35 
 33            1.00038514416756D-08        0             2184.683318892463           111.3383742630975           1200          360           0 
 34            1.000384680649447D-08       8.644534495662386           2182.554681434828           111.2226239453277           1200          360          -4 
 35           -1.765653003001834           29.15380384083517           2199.89057502378            110.923553412959            1200          350           25 
 36           -14.10002538270544           49.7645426473808            2235.327979028631           110.5719866334914           1200          333           29 
 37           -40.30861890907241           70.36957928632658           2269.959797463597           110.203177354189            1200          315           35 
 38           -81.83525658241324           90.97595077290973           2299.92424698754            109.811673075166            1200          299           41 
 39           -136.3583995495812           99.37133952265737           2319.739727567801           109.399900306309            1200          283           47 
 40           -202.4645263048687           99.35752057509438           2326.082724237568           108.9633212149687           1200          269           52 
 41           -266.2459501266753           99.37345136017753           2315.583540237621           108.5319733736286           1200          253           47 
 42           -319.5621266439015           99.38002508504651           2289.47001700031            108.1160980322886           1200          236           45 
 43           -362.4628694703837           99.37672396283735           2248.876924749612           107.7011001909487           1200          219           46 
 44           -392.8986697247578           99.36859620967714           2195.234939131106           107.2784710996086           1200          202           48 
 45           -407.9278133276271           99.3622236778344            2132.191722017487           106.8466357582684           1200          187           50 
 46           -408.5215292917516           99.36923982353353           2067.43346680911            106.4152729169283           1200          176           48 
 47           -399.7627342986666           99.37198802758461           2005.298075972504           105.9900600755882           1200          170           47 
 48           -387.8511450377753           99.38857114512577           1947.470775009568           105.5757747342481           1200          168           42 
 49           -375.537954758894            99.40339420027368           1896.315765478274           105.179898142908            1195          166           37 
 50           -363.1847101199324           99.40479908425193           1848.33380207656            104.7926653015678           1176          166           37 
 51           -350.8077221345005           99.40077189950678           1800.06079713585            104.4046187102276           1173          166           38 
 52           -339.7343521589152           99.39316952771514           1755.24614543504            104.0566301098484           1172          167           40 
 53           -325.8043610230775           99.36301390206738           1698.493556004785           103.6439572685083           1172          166           50 
 54           -303.6308150165401           99.33834510767312           1630.63593248963            103.192535677168            1172          159           59 
 55           -271.9458469254807           99.33312843601026           1559.932782913563           102.7220790858281           1172          153           61 
 56           -233.361948282998            99.33776066234634           1493.955087746617           102.2550012444881           1172          147           59 
 57           -187.3834504382631           99.33126866822283           1432.238659964288           101.7861909031481           1172          141           61 
 58           -132.4696368633284           99.31793324913028           1372.876728363956           101.3046755618082           1172          135           66 
 59           -69.37320205713036           99.31271787188345           1315.062893798673           100.8075377204681           1172          132           69 
 60           -4.447275074526792           99.31752789615612           1259.303985885341           100.310471129128            1172          131           67 
 61            57.796464763806             99.33141127324538           1206.902209658687           99.82756078778804           1172          131           61 
 62            112.8557948832935           99.3647587847982            1159.039132670333           99.37148919644801           1172          133           50 
 63            153.1179865332436           99.41081868447564           1118.551495829431           98.96539760510794           1166          139           36 
 64            180.5314353275615           99.40444745157011           1082.508557700557           98.58999976376793           1156          147           36 
 65            207.808591293275            99.37919713781946           1035.252691069755           98.18563317242784           1137          152           45 
 66            233.1934374839158           99.36206585107151           986.1941530342158           97.8065851152217            1099          154           50 
 67            264.265005797322            99.33863778067577           923.1736230588158           97.35873727388163           1099          153           59 
 68            303.2454374075858           99.32956331950005           855.2826054765964           96.88570068254157           1099          148           62 
 69            347.256260475977            99.34291520195454           792.4388110517416           96.41773784120157           1099          143           57 
 70            393.4245651402911           99.35783207094934           738.8001898170968           95.96838624986142           1099          137           52 
 71            443.6014626655467           99.3487664515483            691.9394597274015           95.52543965852126           1099          131           55 
 72            502.861367358835            99.3337032425999            647.1167614907525           95.06502556718118           1099          125           60 
 73            571.7947083719067           99.3214753141508            604.261312557087            94.58256147584132           1099          120           65 
 74            640.0614367023265           99.34710466080578           566.513836818469            94.11052988450132           1099          119           56 
 75            703.665823453474            99.34336128066045           533.7723208885591           93.65887204316118           1099          117           57 
 76            770.1138194423493           99.34261818913014           501.5267662313845           93.20001795182102           1099          116           57 
 77            837.303220189567            99.34261818913014           470.810781381278            92.74110761048087           1099          114           57 
 78            903.7351637486991           99.3534978086074            442.2746546980041           92.28712851914072           1099          113           54 
 79            963.9545185362045           99.37738190982573           417.965025578051            91.85549942780061           1099          112           46 
 80            1015.45049107374            99.40286850177171           397.8208053599753           91.45199533646054           1099          112           38 
 81            1057.494464640876           99.4323153645289            381.4425444834134           91.07705499512053           1099          112           29 
 82            1089.998749301035           99.45260174981732           368.335460292921            90.72959090378062           1085          113           23 
 83            1125.666255809791           99.40409609325501           353.2613000167258           90.37205431244067           1085          113           37 
 84            1179.773641218976           99.37606715663473           330.6041634885377           89.95873272110056           1085          114           46 
 85            1229.89104302863            99.38235277071695           305.283579377113            89.55270862976042           1085          119           44 
 86            1289.214720452515           99.33776066234638           273.554525248927            89.11374453842031           1085          118           59 
 87            1353.664909797992           99.36380594224978           238.2065020965628           88.65594794708018           1085          121           50 
 88            1397.67928223219            99.43231536452863           209.2765298093966           88.25965135574012           1085          127           29 
 89            1420.773779459641           99.47642240799847           190.4305709366013           87.9261747644001            1072          131           17 
 90            1438.988790283174           99.45783722037291           174.1961620508993           87.60709817306004           1072          133           21 
 91            1459.118318187592           99.45666977651393           155.1762134881347           87.30470011585408           1031          135           22 
 92            1494.031621185824           99.35442173493992           122.8660735230405           86.9221922745141            1031          130           52 
 93            1565.515522753061           99.27391270638371           72.70614168182865           86.41682693317402           1031          122           85 
 94            1652.917855595521           99.27148757012125           24.25556844134277           85.86154159183418           1031          117           85 
 95            1744.70548192785            99.2880749161277           -14.25828500200411           85.31269500049403           1031          110           79 
 96            1834.052233843225           97.11196191250053          -38.7146828742247            84.79051281414971           1031          102           71 
 97            1926.477545067525           76.6462399794449           -49.29969375897403           84.26714073856733           1031          93            78 
 98            2019.062094432608           56.04123447212843          -47.25530674170388           83.74667850831911           1031          85            70 
 99            2097.339197937784           35.45382151857838          -32.5987420477633            83.2716475268309            1031          75            56 
 100           2151.710669955488           14.91622955209553          -14.39158327778174           82.86555279231061           1031          70            29 
 101           2170.54504090678            9.849369784972973          -6.885552548142627           82.56171145922274           1031          68            5 
 102           2179.100431633336           1.001081974727823          -3.527121523301054           82.28715248414467           1031          70            0 
 103           2180.458204869191           8.598104754460284          -2.979403924482188           82.16270532670126           1031          67            6 
 104           2192.831786466888           29.1978950532904            5.60750534100913            81.8719672907241            1031          45            12 
 105           2203.159146603386           49.8021311001945            23.36681436648838           81.56559175489328           1031          19            17 
 106           2205.465159760952           70.4056481184965            50.83528996622205           81.23951371926296           1031          354           23 
 107           2194.081231890766           91.00981089724517           83.45197392939711           80.89365443383406           1031          330           28 
 108           2164.00828693966            107.2086754078921           116.624968813944            80.5186952064975            1031          309           42 
 109           2104.032932082632           107.1401884118156           150.2799075957572           80.07383048485121           1031          293           64 
 110           2018.336766282448           107.104786606419            175.245503213448            79.56257576320492           1031          281           77 
 111           1924.492879324998           107.1073949229417           184.4254932256388           79.03354979155867           1031          271           76 
 112           1833.495899625181           107.1195686744873           175.5881231808617           78.51499756991244           1031          259           71 
 113           1753.139476596017           107.141281885745            148.9590657517587           78.01992034826624           1031          245           64 
 114           1686.873096225626           107.1444272558731           105.2449768221218           77.54220937662018           1031          229           63 
 115           1634.620680721002           107.1548648852328           48.32643891425901           77.07167590497406           1031          217           59 
 116           1593.08414953052            115.429118155048           -16.5755301283274            76.60200097933074           1031          210           60 
 117           1554.99531206396            116.144989764273           -87.74878644138521           76.120007772698             1031          207           69 
 118           1514.119699843124           116.1105251146815          -171.4451094537467           75.59472330106534           1031          206           82 
 119           1474.10750768911            116.161125168523           -256.1295335254821           75.06763132943267           1031          206           64 
 120           1444.026246720664           116.2350423556886          -316.1493610486494           74.6282068577999            1031          209           41 
 121           1419.846277346067           116.2682992166876          -356.973853821393            74.24588738616723           1020          214           32 
 122           1394.605099455295           116.2695027855618          -389.5963383787968           73.88063791453462           1020          222           31 
 123           1359.496205012956           116.2344772195493          -423.3925772208004           73.49461719290186           992           230           41 
 124           1313.50770498361            116.2309129429613          -458.0092063505056           73.08365147126921           992           236           42 
 125           1271.240039870613           116.2201930021517          -486.321077615906            72.72484488623252           957           237           45 
 126           1219.41611630572            116.211147775721           -519.0638337292911           72.29472035016715           956           239           48 
 127           1164.002334880252           116.2022864529898          -552.0241576013194           71.86356087853443           956           240           50 
 128           1106.390054125817           116.2043962819297          -584.7213586450016           71.43582522133435           956           240           50 
 129           1051.99578792605            116.1972320048324          -621.0808128746605           71.00185324970158           956           234           52 
 130           994.505092003806            116.1526418699182          -669.9365566577333           70.53765252806868           956           228           66 
 131           931.1252726225438           116.142485220659           -730.2605104272088           70.03325180643606           956           226           70 
 132           869.8423466248065           116.1512764593348          -790.6519943447111           69.53350483480345           956           226           67 
 133           811.3908076156448           116.1609688009896          -849.7565912419041           69.04360911317073           956           225           64 
 134           759.2282532609606           116.195848745169           -903.562039613778            68.57964464153795           956           224           53 
 135           716.2831002585555           116.2312869143897          -948.5996166715042           68.15438766990525           956           224           42 
 136           679.0961143354943           116.23749868044            -987.1777097244678           67.74675938383994           949           225           40 
 137           636.679555977812            116.204043900748           -1029.547214146036           67.33748122663991           949           225           50 
 138           589.8210220152795           116.179131124992           -1078.569398341015           66.89673300500711           937           224           57 
 139           533.044459887591            116.162378931636           -1136.056472247178           66.4150085333743            929           227           63 
 140           471.6675995385507           116.1647432424401          -1186.840420670225           65.93650156174151           929           234           62 
 141           401.6493660131665           116.1241048521524          -1231.116711403546           65.44809459010874           919           240           76 
 142           317.501681396353            116.0871382775985          -1282.52834815704            64.89558886847604           919           237           85 
 143           236.8058184619621           116.0984256179394          -1339.703239432453           64.33946064684335           919           233           85 
 144           161.8546802003712           116.1308715902044          -1402.601309793205           63.79568492521067           919           228           75 
 145           102.8428888511538           116.1661702664723          -1464.409475526              63.29697295357796           919           220           62 
 146           57.9427134356919            116.1633225440718          -1529.400717304227           62.81101091751258           919           210           63 
 147           23.41691632018651           116.1430724406755          -1604.1039156206             62.33368526031252           919           201           69 
 148          -3.810024150900155           116.0980679808081          -1695.778524362552           61.78811322424717           919           194           85 
 149          -22.36500351679162           116.0985449994738          -1793.625359011493           61.24310756704713           919           189           85 
 150          -31.3018747407088            114.7974037109696          -1893.063033178482           60.68075427098014           919           183           80 
 151          -30.3147018806302            94.72139800272667          -1988.317586887226           60.15914194619914           919           177           76 
 152          -22.99745658963892           74.20216391469441          -2066.409519220376           59.68275808352387           919           173           43 
 153          -16.821383437049             53.6444059938406           -2108.085307452324           59.3096518045315            919           171           24 
 154          -11.5325971958165            33.00978503692254          -2142.426227190663           58.97269409191406           919           172           26 
 155          -7.317229238238357           12.44323447516601          -2172.020316868525           58.64186647001303           919           173           13 
 156          -6.64498499557966            0            -2177.110562718941           58.47232361162836           919           173           0 
 157          -6.773282236566512           19.38539675374741          -2173.21514253259            58.22693318125937           919           183          -7 
 158          -1.54411667572466            40.05900429331916          -2158.58049261675            57.93499326945927           919           212          -17 
 159           11.73464609803316           60.63941163972918          -2146.043891542752           57.6333033582725            919           243          -9 
 160          -3.635788444287143           77.52907101272957          -2147.374570708448           57.33354038030527           919           269           33 
 161          -76.34231346843001           77.3978435188104           -2139.09807829416            56.8783481678302            919           281           74 
 162          -171.3245093715072           77.35404000867025          -2114.38323067337            56.330894705355             919           288           85 
 163          -263.4278586707676           77.35404000867025          -2079.673308582285           55.76561864863022           919           294           85 
 164          -351.4260435550287           77.35404000867025          -2035.569982340338           55.22251028040447           919           300           85 
 165          -436.365290086562            77.36654377449501          -1985.483601044776           54.66831806792921           919           302           85 
 166          -515.9741442949503           77.39493476746136          -1936.223373693973           54.14299335545412           919           303           76 
 167          -592.2790905891231           77.40874017354831          -1887.18224828764            53.62871239297905           919           305           72 
 168          -659.8322253675763           81.75846852158521          -1837.539195323197           53.13771339902036           919           309           61 
 169          -711.5817353622036           102.4364361318607          -1790.844338587514           52.69070249995806           919           316           46 
 170          -743.9315050774543           114.2011261767621          -1753.806158526323           52.30281307298208           919           321           32 
 171          -766.543939033894            114.2082509007653          -1725.10190649425            51.97350299726932           909           323           30 
 172          -791.1911092999675           114.199877059312           -1691.632285873477           51.60756541314403           859           325           32 
 173          -812.1209842151526           114.2279197324631          -1659.912486425694           51.25130282901871           859           329           25 
 174          -829.971969655512            114.2002931578694          -1626.897060843333           50.8962964948934            859           335           32 
 175          -846.9481767319262           114.1891551941497          -1587.942612495054           50.55290141918067           852           338           35 
 176          -873.6869601425967           114.0731072830796          -1530.891764194512           50.12466508505541           852           333           68 
 177          -921.9544455011963           114.0108832359572          -1446.875321726438           49.58136000093015           852           329           85 
 178          -976.5735978588035           114.0108832359572          -1365.081835962744           49.0253349168049            852           325           85 
 179          -1037.621474014896           114.0108832359572          -1287.970974210298           48.46930983267962           852           320           85 
 180          -1103.941277718093           114.0108832359572          -1215.32544971666            47.91328474855435           852           317           85 
 181          -1174.211414280927           114.0303013763787          -1144.836307715773           47.3572596644291            852           315           85 
 182          -1245.439895762187           114.0456629942505          -1077.131888469627           46.8132608303039            852           314           79 
 183          -1314.938047171787           114.0466499095221          -1011.624122432955           46.27982574617866           852           314           78 
 184          -1384.746530066736           114.0453817706132          -945.027507196082            45.7426669120534            852           315           79 
 185          -1451.701239019341           114.057184947868           -878.7497661560415           45.21411807792813           852           316           75 
 186          -1514.859452168384           114.063747463971           -813.5415945237613           44.6980679938028            852           317           72 
 187          -1576.499027233476           114.0557156896433          -747.0031749319683           44.18220540967745           852           318           75 
 188          -1640.921942205651           114.0330745508316          -674.5493415689286           43.64291282555221           852           319           84 
 189          -1706.486799253683           114.0352125601827          -598.314609049535            43.0898164914269            852           320           83 
 190          -1769.54562663883            114.0445401070948          -523.5301445086734           42.54756140730166           852           320           79 
 191          -1833.01901142934            114.0247401913135          -447.9524655284394           42.00129382317642           852           320           85 
 192          -1897.336561332747           114.0273071527051          -371.3696402160403           41.44526873905115           852           320           85 
 193          -1960.971292210483           114.240140831662           -295.599846653814            40.89846785742624           852           320           78 
 194          -2020.147874294101           97.19555376429726          -225.13836522143             40.37832802067742           852           320           72 
 195          -2075.849231319987           76.6000806498101           -158.8148298693335           39.87826104862545           852           320           63 
 196          -2116.149852061558           56.07531107135646          -110.4912479770497           39.45367782268817           852           321           34 
 197          -2140.70360703089            35.47573649944025          -79.2997763360052            39.09629084360943           852           323           27 
 198          -2167.124413144712           14.7940884826215           -43.11463974390102           38.7256926136436            852           325           42 
 199          -2187.103796271067           0            -15.23190028539402           38.45551028594758           852           324           0 
 200          -2180.382500412431           14.52542550680074          -26.23836423124996           38.24115581998296           852           336          -25 
 201          -2177.12796223218            35.03255083643293          -46.57005409853476           37.93415404039877           852           18           -2 
 202          -2162.822030379084           55.50613744434626          -30.49257945603257           37.62418976833067           852           52            33 
 203          -2104.885492762383           76.01287308540854          -2.509430282320582           37.19230175464347           852           73            66 
 204          -2015.17075775869            86.04349715198141           16.5633832294608            36.67093764105111           852           83            78 
 205          -1924.638289161457           98.39083363835353           20.70224828964637           36.15364620148727           852           92            69 
 206          -1839.745269476057           98.38241696628795           12.95825839784448           35.65525488111761           852           98            72 
 207          -1751.50559192204            98.3844600917064           -2.258432359507362           35.14192731074794           852           102           71 
 208          -1669.763858595083           98.40363664263631          -20.43441279789814           34.64890974037827           852           104           65 
 209          -1589.44295289385            98.39260929458723          -43.6140939226593            34.15620342000863           842           109           68 
 210          -1506.413955015138           98.38163485592226          -70.23876498886362           33.65106584963895           842           105           72 
 211          -1424.472521553814           98.41571584613567          -84.7567414851487            33.15939452926931           842           95            61 
 212          -1352.981055556497           98.454512602453            -83.97574551809348           32.7059244588997            830           86            50 
 213          -1276.198980545505           98.35957038082233          -75.568192982248             32.23277438853003           830           84            79 
 214          -1178.47282144345            98.331611001583            -63.66768075812068           31.6789205681604            830           84            85 
 215          -1079.837629890985           98.35374063294265          -51.96199091112894           31.12430924779072           830           84            82 
 216          -990.539143657443            98.40699851234615          -42.7559849391396            30.6100029274211            830           86            64 
 217          -916.2676102385951           98.4432791196296           -38.71573382241696           30.14766785705148           830           89            53 
 218          -854.3794740842966           98.47206661130792          -39.9584420160117            29.72357153668185           819           94            45 
 219          -792.0194434289925           98.44811338963014          -47.19802862704378           29.29676771631224           819           100           51 
 220          -726.3275403943294           98.45698242840263          -62.07285195947091           28.85625389594263           810           106           49 
 221          -671.4714264749271           98.47226292736913          -80.76106807834674           28.44376007557301           802           112           45 
 222          -614.2694446786352           98.44942371578431          -107.1342702825505           28.01635625520338           802           118           51 
 223          -557.9852176403037           98.4693259301009           -138.3714169763755           27.58491368483375           802           122           46 
 224          -508.5719543984515           98.47818656858823          -168.8238415884053           27.1722361144641            802           120           43 
 225          -465.7690704935496           98.5433704312575           -189.4678504552352           26.78940854409446           802           111           27 
 226          -438.2555306841278           98.58084351850435          -198.5021810444374           26.45764847372485           789           107           18 
 227          -416.1360447238833           98.57623462645236          -204.4359495743813           26.14210715335524           739           105           19 
 228          -389.4159706537062           98.5852453262283           -211.00526865754             25.81425083298564           731           103           17 
 229          -362.853226277389            98.57028106252773          -216.4870385830025           25.48743326261603           701           101           20 
 230          -334.1256477487715           98.5508992206673           -220.3796347341804           25.1555981922464            662           96            25 
 231          -297.6726947042508           98.5396348991753           -223.678987410831            24.8032018718768            662           95            28 
 232          -263.9082884050648           98.5311385576637           -226.3442463513722           24.49072700995155           626           95            29 
 233          -232.8530656973696           88.34804370764286          -228.9803403102935           24.15157072308716           618           101           10 
 234          -225.812123745832            67.76050880951777          -231.348230278318            23.87724813477678           618           121           2 
 235          -221.9650427103905           47.09519765595152          -234.8554975619252           23.61092054598348           618           135           10 
 236          -204.7655335297578           47.08182276172156          -252.4056565631428           23.29462756624057           611           135           24 
 237          -174.5645061429158           47.02770110228567          -275.8494422592655           22.96307022633481           569           123           38 
 238          -128.1502128257646           47.00675762139173          -304.6254389506963           22.56285859866176           558           122           44 
 239          -91.41074289696925           47.12714170382225          -321.2625068190553           22.20167697098871           558           99            15 
 240          -74.41869114750043           47.10876070420038          -317.3974387297312           21.90220159331566           558           59            18 
 241          -48.3499765096333            47.02790625960703          -287.7739215538852           21.54336746564261           542           31            38 
 242          -26.87424411109977           46.9716596827122           -232.2182955408053           21.12789333796957           542           14            53 
 243          -14.55826686872204           46.95033681014883          -156.7946757924453           20.66139671029653           542           7             60 
 244          -7.38447818983342            41.654819863279            -84.05794788892462           20.20582688960307           542           5             53 
 245          -3.253689011572847           21.15535096645233          -33.42771819850558           19.816802120775             542           5             21 
 246          -2.060578314325578           .6212519271669281          -18.65381536619218           19.52708859612196           542           5             1 
 247          -2.055978427152647           0            -18.59685645509605           69.52199971935184           1200          5             0 
 248          -2.055784733986858           0            -18.59445801543982           119.5219997193518           1200          5             0 
 249          -2.055591040821072           0            -18.59205957578357           144.5219997193518           1200          5             0 
 250          -2.394424514114068           13.61154053687865          -22.78954956919574           144.3459594647483           1200          5            -6 
 251          -2.01026305758602            34.1173900466827           -16.97565293566193           144.073549554417            1200          4             14 
 252          -.107058474680658            54.6285645742233            16.87448020919845           143.7325258972938           1200          3             35 
 253           2.148487678757343           75.15165006521534           77.2702756867661            143.3154709933933           1200          2             56 
 254           4.025538462509543           95.68823585571691           161.3253274695855           142.8223848427155           1200          1             78 
 255           5.274663804500952           116.261538329701            259.4212022838671           142.2706074451056           1200          1             85 
 256           5.75318021654513            136.8865383297006           357.0942625881365           141.7139587982628           1200          1             85 
 257           5.468619004207948           157.5115383297003           454.7680805337537           141.15627890142             1200          360           85 
 258           4.42099753563912            178.1365383297              552.4366946143015           140.5975677545771           1200          360           85 
 259           2.610379752253353           197.5515383296998           650.0941436409723           140.0378289877342           1200          359           85 
 260           .1176187095332724           198.1008320171681           747.7352222077423           139.4775949183908           1200          359           85 
 261          -2.472521012948071           198.1008320171681           845.3006023270233           138.9173595840474           1200          359           85 
 262          -4.791208895077928           198.1050934283656           942.9845139170091           138.357124249704            1200          359           85 
 263          -6.744037094563732           198.114152037686            1041.47777015703            137.7968889153606           1200          359           85 
 264          -8.319779018290481           198.1092301509796           1140.429843375173           137.2366535810172           1200          360           85 
 265          -9.494626136974668           198.1010084480024           1238.18874532013            136.6764182466737           1200          360           85 
 266          -10.28617443946984           198.1010084480024           1335.803927331787           136.1161829123303           1200          360           85 
 267          -10.69640836792465           198.1010084480024           1433.42145657735            135.555947577987            1200          360           85 
 268          -10.72532166267357           198.2825084480024           1531.039843533388           134.9957120181435           1200          1             85 
 269          -10.37291388253643           182.0575084480026           1628.657598663483           134.4357844913007           1200          1             85 
 270          -9.639190404821225           161.4325084480028           1726.273232440792           133.8768566444578           1200          1             85 
 271          -8.524162425246008           140.8075084480031           1823.885255370861           133.318960047615            1200          1             85 
 272          -7.026648255083408           120.1880289079705           1921.535388539615           132.7620947007655           1200          1             85 
 273          -4.912422749253684           99.67568969403943           2013.066234912768           132.2369093503233           1200          2             63 
 274          -2.175259599552526           79.21098327850525           2077.553674336478           131.8020839930287           1200          4             30 
 275          -.9853865942090538           58.6748208219403            2101.408789563801           131.4841611266074           1200          2             13 
 276          -1.136929610418678           37.99282442937773           2125.456594693198           131.1686757591681           1200          359           23 
 277          -2.844293735797628           17.3538281747552            2160.610733062202           130.823801641119            1200          357           26 
 278          -3.942068679676602           0             2176.604153653137           130.564082840862            1200          356           0 
 279          -4.870639914403931           14.7584323894751            2180.812724895037           130.3727646227983           1200          343           9 
 280          -14.91133407213552           35.3358182003477            2195.707367773526           130.0740653366584           1200          314           17 
 281          -41.35298540534943           55.90154341298007           2209.428912351411           129.7426510511114           1200          286           27 
 282          -84.77286379609191           76.4685573208869            2210.60987170561            129.372784266368            1200          261           38 
 283          -137.8409351652273           86.88504069251817           2189.953706251792           128.9636444198381           1200          240           49 
 284          -193.192917817465            86.8023846114601            2142.655257065281           128.506665323427            1200          223           66 
 285          -247.9409379426111           86.75769740551328           2067.149016973922           127.9799587270155           1200          212           78 
 286          -286.2701262007595           86.86233841381052           1993.657270006347           127.4878233806044           1200          203           55 
 287          -308.311953413752            86.89837231803547           1929.630747428382           127.0461630341932           1200          196           48 
 288          -319.2069588142255           87.02953038806221           1884.751281641126           126.665803937782            1200          192           24 
 289          -323.547189295393            87.09116341711852           1862.522247708517           126.3506873413708           1200          191           12 
 290          -326.900417841137            87.05152853817302           1845.074486913473           126.0497382449597           1162          191           18 
 291          -331.5840882168537           87.06825380368281           1817.423101922521           125.7208366485483           1162          188           17 
 292          -333.601786324952            87.10322169465037           1798.80527993501            125.4164750521371           1162          186           10 
 293          -334.8485656870384           87.12340755504761           1783.366358922875           125.120892205726            1122          184           8 
 294          -335.0105183342374           87.35668748847095           1774.65690230371            124.8433843593148           1122          180           7 
 295          -334.3868422533892           95.28584103899624           1758.874266264822           124.5472567916276           1122          178           13 
 296          -333.8295900448507           95.28016178857202           1742.534179457968           124.24926544553             1097          179           13 
 297          -333.3863515052657           95.30779782869253           1726.96907854082            123.9529540994322           1082          178           9 
 298          -332.0837529845645           95.27575873245947           1709.16878569869            123.6513290033345           1082          175           14 
 299          -329.9468979487691           95.28489308377668           1690.35350635328            123.3463401572367           1082          174           13 
