 0             1.000000030004777D-08       0            -.0105721813053576           40            1200          1             0 
 1             1.000000066087026D-08       0            -8.633432441339593D-03       87            1200          1             0 
 2            -1.243203576245244D-04       2.854282394654447          -9.255730483182488D-02       124.9647307495047           1200          1            -1 
 3             .4305774191861107           23.46552710281495           37.8964781158146            124.6163008501268           1200          1             57 
 4             1.991959674083223           44.10322869938546           127.7664954487857           124.1096472173015           1200          2             80 
 5             4.019254231453695           64.72956553021916           227.3447591909733           123.5654523357165           1200          2             82 
 6             6.053671874095365           85.35456553021888           327.0964471682536           123.0194649541386           1200          2             82 
 7             8.088089516737036           102.4320655302187           426.848135145534            122.4724645000608           1200          2             82 
 8             10.13596391154076           102.4367423643222           527.2596354026197           121.921958555983            1200          2             85 
 9             12.17505276846762           102.4386624724205           627.2403626391451           121.366528861905            1200          2             85 
 10            14.22669161767735           102.4350909598127           727.8364418506737           120.8110991678271           1200          2             85 
 11            16.25313426948061           102.4290777612173           827.1970995985017           120.2648007237493           1200          2             79 
 12            18.21606538407896           102.4298913186015           923.4436558415897           119.7309710296713           1200          2             79 
 13            20.22379659845014           102.431715026353            1021.886853266055           119.1888163355933           1200          2             82 
 14            22.23828334795591           102.4301812701143           1120.661288494788           118.6451803915154           1200          2             80 
 15            24.23077431485993           102.4317586472343           1218.357225190617           118.1058756974375           1200          2             82 
 16            26.28893434561378           102.4363972215261           1319.273051367176           117.5530785033596           1200          2             85 
 17            28.33249274027668           102.4390247244              1419.472929246376           116.9976488092817           1200          2             85 
 18            30.18372657841208           102.4360060392206           1520.150706459874           116.4422191152037           1200          1             85 
 19            31.26881919060286           102.4411456168203           1620.714343660508           115.8867894211257           1200          1             85 
 20            31.05814046450584           102.4421282149367           1719.620733965707           115.3313597270478           1200          360           85 
 21            29.29874568879546           102.4400743540984           1818.766442120527           114.7759300329698           1200          359           85 
 22            25.96025828335235           96.70649121106341           1918.774303168412           114.22054089589             1200          358           85 
 23            20.96312947132473           76.0707656937857            2018.26367938397            113.6616945759563           1200          357           76 
 24            14.81038979390286           55.43397346145493           2097.802252022168           113.1943877281153           1200          355           46 
 25            10.62335079444047           34.81630607177694           2130.394168462196           112.85335738103             1200          351           13 
 26            6.413678493246396           14.19177242822287           2149.589617932406           112.5507420310732           1200          346           13 
 27            3.894735240279183           0             2158.514458113577           112.3507797546374           1200          344           0 
 28            1.535190494748552           15.63027158104765           2165.165290032977           112.1429841657297           1200          340           17 
 29           -15.59728472750491           36.25262247220166           2195.852564518002           111.7995623837866           1200          323           26 
 30           -38.93100220553183           56.4153776396234            2216.63639530858            111.4648338725781           1200          302           26 
 31           -69.8216572671351            57.87005537541947           2229.727983526168           111.1230060145137           1182          285           19 
 32           -100.4621563462303           57.86619486216104           2235.452363154854           110.7891450464562           1182          281           31 
 33           -147.2841611110233           57.86580114152915           2243.347620425438           110.421034667121            1154          278           45 
 34           -193.0524766483236           57.86617670979645           2244.185891364608           110.0750292152304           1148          262           32 
 35           -228.1296694040161           57.86714725757207           2227.924998411925           109.7185369971728           1148          230           27 
 36           -246.3257186044856           57.86711973959906           2197.860227715311           109.3718397791152           1148          195           27 
 37           -243.518074356919            67.96240830249451           2141.670632150696           108.968046548192            1148          167           60 
 38           -209.5367578923884           75.14783285512507           2058.692178753686           108.4589203163964           1148          152           76 
 39           -162.8802266342386           75.13733035684537           1991.055906051905           107.9732358548938           1148          139           55 
 40           -108.7738016847092           75.14005664618637           1942.067716159653           107.5192763933912           1148          128           61 
 41           -36.50300040031414           75.14521682017852           1895.999315155577           107.0243781818886           1148          119           72 
 42            39.18454773048684           75.14099942856818           1859.421072656598           106.534129970386            1148          114           64 
 43            119.9546763021092           75.14572255287627           1828.213810721548           106.0363967588835           1148          110           72 
 44            200.7887066744468           75.13905427511197           1798.79048591381            105.5393085473808           1148          111           60 
 45            270.8910443705275           75.13885208886823           1769.790736558865           105.0762853358783           1148          114           59 
 46            333.453114650323            75.13571510261068           1739.962242387447           104.6326421243758           1148          118           47 
 47            380.145107348859            75.1357034114637            1713.957325046978           104.2353001628732           1148          122           34 
 48            416.169147738523            75.13663922173043           1691.154490011182           103.8685469513705           1146          124           29 
 49            442.822210355566            75.13667601591888           1672.253248999394           103.5642616894783           1103          128           28 
 50            474.9097260847784           75.13555147481686           1644.711508085116           103.2146761706658           1102          133           44 
 51            530.567495074853            75.15021712094332           1589.103787442003           102.7434292091632           1102          136           78 
 52            599.9568056836895           75.16272094028753           1517.97286380102            102.1924909976606           1102          136           85 
 53            669.6210251794884           75.16272094028753           1447.669848464936           101.638425286158            1102          136           85 
 54            739.8323554229771           75.16272094028753           1377.913224774123           101.0843595746551           1102          135           85 
 55            810.586511076492            75.16272094028753           1308.70725031328            100.5302938631524           1102          135           85 
 56            881.87917367099             75.16272094028753           1240.056149058431           99.97622815164971           1102          134           85 
 57            953.7039598083645           75.16310720995237           1171.96581076371            99.42216244014701           1102          134           85 
 58            1025.300247378792           75.16310720995237           1103.823329703108           98.86809672864428           1102          134           85 
 59            1097.42314879001            75.16310720995237           1036.238407869495           98.31403101714156           1102          133           85 
 60            1169.777363785611           75.16310720995237           968.900661957058            97.75996530563884           1102          134           85 
 61            1241.892365127455           75.16310720995237           901.3068459126332           97.20589959413613           1102          134           85 
 62            1313.74277860376            75.16310720995237           833.4318470598605           96.65183388263341           1102          134           85 
 63            1385.327507865615           75.16310720995237           765.2767010877706           96.0977681711307            1102          134           85 
 64            1456.731867021708           75.16130934409452           696.7818913497804           95.54370245962798           1102          134           85 
 65            1529.291656013206           75.15641419417875           627.1305022623312           94.98963674812526           1102          134           85 
 66            1602.69550528808            75.15406319216164           557.1672699738494           94.43621228662263           1102          134           84 
 67            1675.108941872978           75.15184894684934           488.7066951239403           93.89030282512016           1102          134           81 
 68            1746.180627522073           75.1510016628157            422.1068479267526           93.35320211361746           1102          134           80 
 69            1819.386367648292           75.15834254420813           354.1182565941707           92.80570640211485           1102          133           85 
 70            1892.3349763374             75.16316260665876           286.9019025621028           92.25164069061214           1102          133           85 
 71            1965.490521006947           74.51695883770827           219.7540127265854           91.69757483610947           1102          133           85 
 72            2039.322325575275           54.98939118601355           151.9853985784924           91.14399584708316           1102          133           85 
 73            2113.815306614592           34.36195941042494           83.60990486936743           90.5914438730067            1102          133           85 
 74            2170.211752993216           13.72207671774542           31.84482833762753           90.11884188489225           1102          133           22 
 75            2170.367190358223           0             31.70215574720515           89.92754680917132           1102          133           0 
 76            2168.602937700058           17.71425905447202           33.70910968044147           89.70544182186428           1102          145          -7 
 77            2166.183675533495           38.3534351620301            54.95036556806424           89.39710316178683           1102          195          -18 
 78            2158.309772993368           58.92056165651952           49.19702516980711           89.0979895113077            1102          228           30 
 79            2107.002139236186           75.16189438369767           9.281876086830932           88.66885906009087           1102          234           59 
 80            2046.653241648387           91.60960397539498          -32.65771087749054           88.2112492071397            1102          237           49 
 81            2000.787448324235           91.61611138739102          -59.77846065175898           87.81286101147767           1088          244           35 
 82            1957.213702418836           91.6156787008853           -78.26669284310313           87.43227781581551           1076          249           36 
 83            1914.496123239705           91.61621263948265          -95.49420081792643           87.05515587015334           1034          248           35 
 84            1867.810244730425           91.61515971812038          -113.86394030091             86.66675767449114           1034          251           37 
 85            1820.95944876876            91.6090192697371           -127.0334652075135           86.31267761230851           1027          256           49 
 86            1753.263150307834           91.60673713412594          -149.3717666761708           85.86278691664627           1027          249           60 
 87            1677.944571010028           91.60655023145473          -183.0631386784681           85.37686247098417           1027          244           68 
 88            1604.727323875208           102.2764867308185          -225.6547174009934           84.88286887133225           1027          237           66 
 89            1539.147252677458           102.2765267934231          -274.904195527307            84.39747592569604           1027          230           63 
 90            1485.861246400351           102.2778217365204          -329.2137572739788           83.93062298005982           1027          220           54 
 91            1448.785855215483           102.276800554304           -387.22789634907             83.4917572683365            1027          208           59 
 92            1419.651896686807           102.278211919957           -460.660856744681            83.01127583878757           1027          197           54 
 93            1409.52535920406            102.2880874417253          -514.5017073542122           82.60731789315146           1027          186           33 
 94            1408.262735495716           102.2931566688753          -551.5500531357134           82.25378244751525           1012          181           25 
 95            1407.435160217966           102.2913524531378          -586.5679661116885           81.90641950187903           1012          184           27 
 96            1402.984112108998           102.284811078782           -629.4303088260824           81.53757280624303           996           188           37 
 97            1395.77268602749            102.282099591836           -671.7783944678727           81.2187046997342            961           192           42 
 98            1379.525000130714           102.276742129502           -732.258676822068            80.79448550409805           961           200           59 
 99            1343.370570111651           102.280976760335           -815.887974616086            80.27816630846193           961           207           85 
 100           1295.518651850578           102.2807268014766          -903.3886911376134           79.72274211282586           961           211           85 
 101           1242.964147306564           102.2765245050125          -981.5140204376636           79.19370291718984           961           218           68 
 102           1183.69030497941            102.2841656922672          -1049.119882140502           78.68007247155374           961           224           85 
 103           1113.683331201548           102.2845310509887          -1118.35163528297            78.12464827591766           961           227           85 
 104           1041.126833083521           102.2845310509887          -1184.91756619038            77.5692240802816            961           228           85 
 105           968.744635374717            102.2828707523284          -1251.914254281161           77.01379988464551           961           227           85 
 106           896.7882938935826           102.278556510554           -1321.1861722957             76.46225693900944           961           226           80 
 107           832.0656956490636           102.2767705117903          -1386.423565430741           75.94241649337342           961           225           70 
 108           765.1286692615466           102.2804622480502          -1456.247021487955           75.40514979773735           961           224           85 
 109           696.5480288843833           102.2786837753777          -1528.083437767998           74.8576568521013            961           224           80 
 110           627.9535516075871           102.2811865715007          -1599.934347836381           74.31017515646511           961           224           85 
 111           558.7833167882101           102.2788986480983          -1672.388348781174           73.75571096082904           961           224           81 
 112           495.4330516625061           102.2771997802774          -1738.74608460866            73.236568015193             961           224           73 
 113           429.1398894367356           102.2801852248478          -1808.186427714013           72.70249631955693           961           224           84 
 114           359.6146785016697           102.2791947011801          -1880.967149605041           72.14815587392086           961           224           82 
 115           293.7611616584914           102.2780442223546          -1948.942009486153           71.61859167828484           961           225           77 
 116           224.2189991227196           87.88828256540282          -2018.714039326793           71.07451126546987           961           226           85 
 117           153.1613989477037           67.2644515047846           -2087.643565473104           70.52031205630085           961           227           85 
 118           80.48792842618485           46.6331541012667           -2153.651342815022           69.9765828458385            961           230           69 
 119           38.77706016852527           26.03011782660133          -2185.58510423681            69.57908486948678           961           239           20 
 120           15.69963473978961           5.416051041411462          -2198.631704329822           69.25797438542344           961           242           11 
 121           12.04470237469116           6.971059420591566          -2200.609199814931           69.09202041623908           961           242           5 
 122          -15.07333777780667           27.5701879526444           -2210.983587652403           68.76644675811066           961           255           34 
 123          -75.68908390040346           48.18719060355446          -2218.899733562418           68.34984560466948           961           268           55 
 124          -155.969320722097            68.81184632436693          -2213.92463706846            67.87225445333107           961           278           69 
 125          -241.4672248021131           80.93924287555257          -2196.060204136952           67.37003127504875           961           285           68 
 126          -323.126748428044            80.9395653328349           -2171.946845100711           66.87546031177726           961           288           70 
 127          -411.4613082212042           80.941875126274            -2141.823078064112           66.35223559850573           961           290           80 
 128          -503.4157684996957           80.94185689181784          -2107.466832522204           65.81039588523414           961           292           80 
 129          -591.2377369589925           80.93975185658515          -2071.90522126481            65.28105492196262           961           293           72 
 130          -673.2913666059853           80.93951197781605          -2035.54496413906            64.7703402086911            961           295           71 
 131          -743.654824231966            80.94169550509061          -2001.446428039575           64.29675049541962           961           297           49 
 132          -786.447805331371            91.4549119526648           -1978.739634304735           63.90966542083564           961           300           32 
 133          -822.4123242405091           112.4943065276315          -1957.498596298538           63.54597577050252           961           302           29 
 134          -853.368845691139            119.260130506661           -1937.219983896805           63.19017423520845           944           305           28 
 135          -880.7442953924101           119.2693037691761          -1917.254111826841           62.84603164741753           901           309           17 
 136          -904.5690042865786           119.256812252343           -1895.949512262984           62.5067678096266            901           313           33 
 137          -935.5818874316574           119.2563321063971          -1866.634067426578           62.13762397183571           867           315           33 
 138          -968.3954434989718           119.2553094963564          -1830.96654233342            61.7525126340448            864           320           35 
 139          -992.9803963661692           119.2520310150653          -1798.870775412122           61.42503320854461           852           325           40 
 140          -1036.002586510767           119.2490981757043          -1736.94439508043            60.96095437075363           852           326           78 
 141          -1092.666744150843           119.255438164012           -1656.115432423403           60.4064367829628            852           325           85 
 142          -1149.340317860943           119.255438164012           -1575.635336171225           59.85016419517197           852           325           85 
 143          -1205.487698704565           119.255438164012           -1494.787494768501           59.29389160738114           852           326           85 
 144          -1261.001748738963           119.255438164012           -1413.503473682921           58.73761901959031           852           326           85 
 145          -1315.87907967267            119.255438164012           -1331.788234072147           58.18134643179948           852           327           85 
 146          -1370.210230649217           119.255438164012           -1249.70861043562            57.62507384400865           852           327           85 
 147          -1424.47329755647            119.255438164012           -1167.583884161367           57.06880125621782           852           327           85 
 148          -1478.736156625472           119.2554705109458          -1085.459472441018           56.512528668427             852           327           85 
 149          -1533.329658259584           119.2523141322112          -1002.834647977803           55.95625608063617           852           327           85 
 150          -1587.771280865477           119.2485105998921          -920.4396856351605           55.40929474284528           852           327           78 
 151          -1641.927385971231           119.254494848868           -838.4768412667424           54.86346590505442           852           327           85 
 152          -1696.224005237541           119.2550545439666          -756.301334997069            54.3071933172636            852           327           85 
 153          -1750.893496787723           119.2531504131006          -673.5615031926515           53.75092072947276           852           327           85 
 154          -1806.06165015357            119.2543427310167          -590.0669690198031           53.19464814168193           852           327           85 
 155          -1860.34408827635            119.255470510946           -507.9129252770451           52.6383755538911            852           327           85 
 156          -1914.59676327113            119.255470510946           -425.8039266981478           52.08210296610027           852           327           85 
 157          -1968.850892391715           119.255341472628           -343.6927273648398           51.52583037830944           852           327           85 
 158          -2023.811250688498           117.931462189091           -260.5126817409348           50.96956021051752           852           327           85 
 159          -2079.48017964               97.8454180624599           -176.2602461032956           50.41409977510477           852           327           85 
 160          -2130.709265466788           77.21573523255866          -98.72731457941048           49.88946279806018           852           327           62 
 161          -2161.04731497987            56.60969831751525          -52.81203271348984           49.48471331237943           852           327           23 
 162          -2167.630132389964           36.00377251414092          -42.84923280686474           49.19971256797415           852           327           3 
 163          -2172.22854084835            15.37486482920898          -35.88974714808173           48.92664057263394           852           327           7 
 164          -2174.3064677743             0            -32.74489762634252           48.72595305589603           852           327           0 
 165          -2177.985131043873           15.62145511556111          -27.47469642186611           48.52003621704246           852           324           17 
 166          -2201.245152128772           36.65708172117357          -5.581077407161677           48.17925950591546           852           302           21 
 167          -2224.281179727037           57.28595304534441           1.182777225270111           47.8627420997073            852           271           16 
 168          -2243.726794269352           77.91355851022505          -4.378985872576686           47.55534469356448           852           238           13 
 169          -2254.738155497152           98.20796901252736          -17.52761516974207           47.25525647748427           852           204           13 
 170          -2256.656551814367           99.92652118882333          -46.96953115020608           46.91541173230738           852           171           30 
 171          -2234.924671929713           99.91793842708287          -95.06215003886237           46.52611313337362           852           145           49 
 172          -2181.133097771157           99.91621528541101          -146.3891658902435           46.06522091507387           852           126           64 
 173          -2115.52957947745            99.91778487241523          -178.6338112956858           45.60678119677412           852           108           50 
 174          -2053.603810321773           99.91765144576691          -188.8947024514658           45.18109772847434           852           94            50 
 175          -1975.835320069555           99.9173736400778           -190.7775204839548           44.7002268908086            852           91            72 
 176          -1878.086147225353           99.92471787717865          -191.1735904713802           44.16699579187475           852           91            85 
 177          -1777.97349203677            99.92004451284538          -190.9635907613381           43.6129085735749            852           90            82 
 178          -1683.103878938544           99.91863345572216          -190.443111697659            43.07178648590918           852           90            77 
 179          -1584.161191996228           99.92312697787058          -190.8138215300507           42.53587788697538           852           91            85 
 180          -1484.136549486831           99.92224559503683          -192.3757180608706           41.9694657993095            852           92            85 
 181          -1383.904217088838           99.9199600384765           -195.1224562276122           41.42885845037568           852           92            81 
 182          -1285.323751573676           99.92061641592322          -199.3458572276882           40.8841199820759            852           94            83 
 183          -1184.865438826303           99.92182729017287          -207.1158068694051           40.33079401377608           852           96            85 
 184          -1085.179647798443           99.92344372829372          -218.9229899958438           39.7754880454762            852           99            85 
 185          -986.3213365453015           99.91998106927026          -235.941499424331            39.22154707717633           852           102           82 
 186          -897.740101852749            99.91639892863095          -260.015074766389            38.7012698588766            852           110           67 
 187          -825.906944624399            99.91620877530446          -288.6427243818876           38.23033000994278           838           113           63 
 188          -750.685497278287            99.91631495354801          -320.268930123099            37.74655529164301           838           113           66 
 189          -678.4020980552692           99.91659182280326          -351.2269132516733           37.27250057334325           838           114           56 
 190          -618.1849812995401           99.92020373021056          -377.5707534427585           36.8384433550435            838           114           43 
 191          -570.7424837680331           99.92092711559786          -398.8743713076912           36.45227225610981           830           115           40 
 192          -512.9803584683332           99.91812906299856          -426.6831007116637           36.01486391844412           830           119           49 
 193          -469.6636961103551           99.92803015036895          -454.0895363567552           35.62245045014436           830           128           29 
 194          -441.9164390245946           99.92817917793236          -478.4425242602084           35.26988073184456           830           134           28 
 195          -413.8900112816824           99.92878452312851          -505.2981787095458           34.91220726354474           806           134           27 
 196          -389.0288317543148           99.92567146787454          -528.3673606520226           34.60313538080693           764           132           32 
 197          -349.1900251107828           99.91982315169372          -558.5545340079673           34.22247303187318           764           122           43 
 198          -289.4161695162093           99.91650301748003          -585.4598366272185           33.78018219420743           764           109           57 
 199          -215.523807385343            99.9164629419043           -602.7849830632672           33.31454997590768           764           99            58 
 200          -144.2509831087158           99.91713419305401          -608.8697492819268           32.86291275760797           764           95            53 
 201          -76.77116778278956           99.91874318845433          -608.6960278796472           32.42329428930824           764           84            47 
 202          -29.80070653260577           99.92694191078162          -596.1498165910714           32.0380545710085            764           68            30 
 203           7.827787533963971           99.92863180205967          -582.5661174555532           31.67706610270874           764           75            28 
 204           30.98869938903336           99.94674718885716          -578.7383211199576           31.360158884409             764           90            8 
 205           40.82149826847621           99.94505334806061          -579.9786659498974           31.0790191661093            764           102           9 
 206           58.95081329833322           99.9370479755046           -584.9230662401853           30.78104431717556           762           107           17 
 207           83.8029906819044            99.93574240099804          -592.3065837249424           30.45803584887581           743           106           19 
 208           109.057546541449            99.93574240099804          -599.1337910955813           30.12781751121007           725           105           19 
 209           137.5633365796263           99.93242079741663          -605.4736885810235           29.7959627929103            699           101           23 
 210           165.3552363911518           99.93334510550105          -609.7853102532386           29.46699932461055           699           98            22 
 211           198.323589551329            99.929170362453            -614.1528953042588           29.13135572567678           693           98            27 
 212           232.7778472115065           99.92715539624267          -618.3204396617446           28.81531772357301           659           97            30 
 213           272.174335508303            99.92747952792841          -618.3381216265088           28.45561925527324           659           81            29 
 214           312.612623685133            99.92291285692117          -600.867802499841            28.08307328697345           659           56            37 
 215           347.3194160587881           99.9213112543177           -561.4797937170617           27.6864860686737            659           30            40 
 216           360.5789118632665           99.9226080078282           -511.710774286598            27.29214885037395           659           2             38 
 217           347.8568486959661           99.91874318845447          -461.1100808879285           26.8963228820742            659           333           46 
 218           300.8035357933783           99.91652461752641          -406.4966486216947           26.44244316377444           659           311           67 
 219           223.5720630294296           99.920436234007            -350.5554170992143           25.9104959454747            659           304           83 
 220           151.2602581893472           99.91741412485966          -301.8287952767666           25.40465622717492           659           307           53 
 221           110.7732860377832           95.84228267971986          -265.4436064469024           25.00207951687142           659           319           36 
 222           77.4310257909878            75.21063514396577          -217.1571000070511           24.59017040994753           659           331           55 
 223           42.75853231141304           74.18728947181812          -145.8341473707154           24.11549171267437           659           337           64 
 224           17.22215258067095           53.89606846455994          -78.14241928595408           23.66129552211936           659           343           44 
 225           7.142699056910323           33.2846953140632           -37.392081468207             23.29596230697458           659           351           22 
 226           3.336216042401308           12.6693586312983           -14.4941121216586            22.9831628400262            659           351           12 
 227           2.07163875399324            0            -7.35460177944023            72.80847293886674           1200          350           0 
 228           2.07139264249827            0            -7.353248984870701           122.8084729388667           1200          350           0 
 229           2.0711465310033             0            -7.351896190301168           147.8084729388667           1200          350           0 
