 0             9.999999855958563D-09       0            -8.775777679127204D-03       42            1200          360           0 
 1             9.999999134313597D-09       0            -7.057028378490735D-03       91            1200          360           0 
 2             9.999999606158383D-09       0            -.0053382790778523           125           1200          360           0 
 3             9.999995470577616D-09       18.11027065096934           2.636126578720742           124.764858116469            1200          360           9 
 4             9.999976818830803D-09       38.72752787557377           30.83390636941074           124.439531957375            1200          360           31 
 5            -.7889526518214204           59.35270015348638           83.53475447588721           124.046443300887            1200          358           46 
 6            -5.835476582827662           79.98161345702484           152.513293382435            123.604297145723            1200          355           59 
 7            -16.03755526195078           100.6113414747232           234.2982811619012           123.1193897415822           1200          352           69 
 8            -30.24524366618046           118.0986798993292           318.3933198110776           122.6338872845438           1200          350           65 
 9            -44.86168875628908           118.0971845824894           395.1068012384              122.1522070489445           1200          350           61 
 10           -59.9473894117571            118.1014360687115           476.3558220869486           121.6652748326705           1200          350           69 
 11           -75.12193034946048           118.1007655136797           562.0876970871285           121.1636463663966           1200          351           68 
 12           -89.37059004846228           118.0983284239744           644.3366126912837           120.6741529001228           1200          350           63 
 13           -104.952301979984            118.0970644690964           722.4512282726005           120.1971581838491           1180          348           61 
 14           -124.5247354562533           118.1212835057273           810.8344104736923           119.6780547175753           1165          349           85 
 15           -142.1290151251934           118.1214539835298           908.2473341823112           119.1218412513014           1149          352           85 
 16           -155.744676491067            118.1076365554234           1007.12851467873            118.5688152850275           1149          353           78 
 17           -165.8536841283058           118.0988730565577           1092.01181217029            118.0724480687538           1149          354           64 
 18           -175.8235576894571           118.0933830956963           1168.965588191628           117.60188085248             1149          352           50 
 19           -183.925154371694            118.0933247990951           1218.764991371733           117.2115823862062           1149          350           27 
 20           -189.7947802479806           118.0952615722316           1249.79218917783            116.8729176699325           1149          350           20 
 21           -194.0048995697953           118.0987432583426           1272.009987438066           116.5579267036585           1141          350           12 
 22           -196.8693490342511           118.0987708136278           1287.126366681307           116.2618319873847           1141          350           12 
 23           -200.2666744117577           118.0979943427324           1305.05485851065            115.958274771111            1141          350           14 
 24           -203.5902921979248           118.0979684044242           1322.594377897774           115.6557525548372           1141          350           13 
 25           -207.744946462673            118.0964245163192           1344.519473896073           115.3415490885634           1141          350           17 
 26           -212.2717183658092           118.0964245163192           1367.88161038379            115.0234606222894           1135          349           17 
 27           -217.3023324957592           118.094888823427            1392.138365411075           114.7027959060155           1115          348           21 
 28           -223.4764553716361           118.0953973328253           1420.388352667192           114.3711999397418           1115          348           20 
 29           -228.8241622425852           118.095476143398            1446.866136927717           114.0446364734678           1106          350           19 
 30           -232.6088540532914           118.0920110647163           1476.601503187372           113.7482541424723           1106          357           35 
 31           -231.1594925122296           118.1044742825941           1547.260431278422           113.3002056761985           1106          5             72 
 32           -220.247039113721            118.121739183189            1645.147857451933           112.7508922099247           1106          9             85 
 33           -203.1239149052511           118.264739183189            1742.546864185714           112.1946786611508           1106          12            85 
 34           -180.310593542449            102.4907391831892           1838.772625046096           111.6387572283771           1106          15            85 
 35           -151.8818883362031           81.86573918318943           1933.49089602218            111.0838306246033           1106          19            85 
 36           -116.968640380557            61.22699633258827           2026.603148701851           110.5310940203298           1106          23            80 
 37           -83.10806768821693           40.58628834069013           2094.15518305249            110.0662049077668           1106          32            41 
 38           -56.90880001708522           33.09028643980375           2130.8123025098             109.6946869099843           1106          37            31 
 39           -32.42838153665228           22.15746294473864           2162.829870328285           109.3366109415178           1106          39            26 
 40           -18.45953135464518           1.539694201401876           2180.268944470725           109.0264420957844           1106          40            9 
 41           -16.44442262931312           11.09823795008145           2182.516999057843           108.8630632729517           1106          44            9 
 42            10.19282111594605           31.71668898594432           2198.071510047585           108.532085865149            1106          70            34 
 43            68.4507870416282            47.14771870186937           2206.444656667934           108.1219508032844           1106          91            54 
 44            147.2528196863547           67.42903913229333           2192.664717831206           107.6464003497548           1106          107           70 
 45            231.508532434108            77.82194989200106           2156.144527208583           107.1296615085888           1106          119           75 
 46            300.3921858744664           81.27846138828458           2106.219295919682           106.634661402384            1106          133           62 
 47            348.7971074813661           81.27227873856428           2055.083104234831           106.186586563715            1106          141           45 
 48            376.5750969811347           83.93913281618342           2015.714973431667           105.8037205885458           1106          148           33 
 49            401.156070809012            100.1915977622146           1976.17010886211            105.4257502473955           1106          149           36 
 50            425.0451798171232           100.1917073338622           1934.88399033215            105.0438919087611           1106          151           32 
 51            443.0317758942997           100.1921156340693           1901.251564764865           104.6880885701267           1074          154           27 
 52            462.5921087742458           100.1916011138234           1857.666131187122           104.3067064814923           1064          157           35 
 53            470.218126263146            100.1972757218625           1837.932312537338           103.9995507596307           1064          164           11 
 54            475.9808599674482           100.1938448521817           1816.297607728852           103.6916825377692           1064          166           20 
 55            485.0048744932443           100.1918882451182           1783.852541203285           103.3488316991348           1043          164           29 
 56            496.5695462886              100.1919409454285           1745.421373768897           103.0157878111366           1043          163           41 
 57            520.0424037218534           100.2075264960598           1675.688611852203           102.5570132225022           1043          160           75 
 58            558.5579359978731           100.2202821648104           1584.143900155564           102.0081148838677           1043          155           85 
 59            605.1107646283133           100.2096504963106           1495.836081998221           101.4582415452331           1043          150           78 
 60            657.4903274977892           100.2112476455377           1418.257425511736           100.9337144565987           1043          143           80 
 61            721.9216000690973           100.2217002273446           1341.499371530075           100.3811073679641           1043          138           85 
 62            790.5956320323231           100.2244561788626           1270.317069423588           99.8257890293294            1043          135           85 
 63            862.7732226867117           100.2166464696495           1201.502664852251           99.2704706906947            1043          133           85 
 64            934.836124750261            100.2058500120952           1136.85918424018            98.73421360206027           1043          132           73 
 65            1004.019491820141           100.2069437020867           1077.214634095443           98.21813151342586           1043          131           75 
 66            1074.969556559338           100.2079919155733           1016.135340197357           97.69381442479137           1043          132           76 
 67            1139.719286424416           100.2029150392784           953.5286508010491           97.18224358615717           1043          137           69 
 68            1201.926612628287           100.2088987740198           884.6959088297951           96.66064524752278           1043          139           77 
 69            1256.528520466083           100.1958163084185           820.2635327215251           96.16814315888843           1043          141           56 
 70            1292.190311832823           100.1916903170722           773.3709512455661           95.75451857025421           1043          146           33 
 71            1307.47924017195            100.197869989236            749.3929210098698           95.4248264816201            1031          151           10 
 72            1315.766050456982           100.1957986920234           732.3010089002561           95.12012814298582           1019          156           15 
 73            1323.251787977906           100.193908822061            714.646649634872            94.81495730435145           1019          158           20 
 74            1333.756300288484           100.1956909392481           691.5271043482828           94.49345896571724           1019          157           15 
 75            1341.448749146313           100.1945067286703           671.1342530329732           94.18143687708317           1019          162           18 
 76            1348.628984959581           100.1948218462684           646.5228475147234           93.8593085384489            1010          166           17 
 77            1354.714647356232           100.1932407917815           619.338169175749            93.53131144981454           1010          168           22 
 78            1360.828074218694           100.1943464397304           592.1295734161517           93.2032543611802            983           168           19 
 79            1366.544355213131           100.1931470663891           563.5261982566782           92.87177352254585           983           171           23 
 80            1370.468718680844           100.1931470663891           532.3564037202066           92.53433018391175           983           175           23 
 81            1372.06213310167            100.1931470663891           500.9809714433995           92.19688684527765           949           180           23 
 82            1371.509620182545           100.192697269557            472.859515500605            91.90553807405223           930           183           25 
 83            1374.136947214875           100.1919992734235           432.1573654106358           91.53537711864513           930           169           41 
 84            1399.19500207493            100.2023543463006           365.990410596155            91.0854337800108            930           153           68 
 85            1448.151273442878           100.2047579945604           289.5831891531223           90.57093419137641           930           142           72 
 86            1508.790396633934           100.2012097417556           227.3765930360624           90.06999085274204           930           130           67 
 87            1581.185775442388           100.2064933092082           180.7922840058642           89.57146251410768           930           118           74 
 88            1668.848120012254           100.209250565701            143.289362185177            89.04045167547325           930           110           78 
 89            1755.37794446068            100.2035991698465           116.2552393514432           88.52678083683888           930           106           70 
 90            1844.230005063063           100.2094722051202           93.40102826866374           88.0090562482045            930           104           78 
 91            1939.220188693788           85.81747421061392           70.82602354344368           87.4806693092852            930           104           80 
 92            2029.097053618576           65.18701302187337           49.52935191030181           86.95141835916395           930           104           73 
 93            2119.28274444669            44.56289765806764           27.63969434135582           86.43234813198194           930           104           74 
 94            2189.254189694337           23.92364872117035           10.24213634299443           85.98164414922835           930           105           32 
 95            2205.028157464037           3.308755452979684           6.168547500369657           85.69361837467392           930           106           3 
 96            2207.29484379231            9.037371536530243           5.508636621202804           85.52710368865692           930           108           7 
 97            2228.101026716175           29.65598041542017          -9.208244382531817           85.20857627946801           930           139           28 
 98            2249.230333146325           50.28199001982238          -52.66217713226995           84.82669637253206           930           167           44 
 99            2250.384423728317           70.91277369901017          -120.4009747765831           84.38767021739888           930           190           60 
 100           2224.51368048599            84.28230875627267          -197.8162532726204           83.90464252838032           930           207           67 
 101           2177.261807844082           84.52338349412727          -270.6090670741425           83.40457007545633           930           219           73 
 102           2112.767777539217           103.8994930187557          -342.423828785329            82.86929463725602           930           225           80 
 103           2043.672484368604           104.445007297196           -408.307366695363            82.33788151170006           930           229           75 
 104           1975.813517091257           104.439827319048           -465.0866133603502           81.84154827295512           930           232           68 
 105           1908.032642782372           104.438739019809           -517.0352147510657           81.33600633058781           930           234           66 
 106           1849.07014149509            104.4303516744481          -559.7407057574706           80.88085249003164           930           236           48 
 107           1802.115321559376           104.4282187225773          -590.1709491901934           80.4833880012867            930           240           36 
 108           1768.758368887047           104.4284759684534          -607.650343052346            80.1212235589195            904           246           27 
 109           1722.51911777936            104.4285537832543          -627.8934320134888           79.73148846836345           904           248           40 
 110           1685.774691276258           104.4289755428606          -642.2725173663981           79.3789489796184            879           251           23 
 111           1649.402023920978           104.428481863007           -652.9413599038267           79.01700953725104           867           257           27 
 112           1610.942745152545           104.4282861034358          -660.7092918789176           78.66556879850606           864           261           30 
 113           1572.823857147101           104.4285374334322          -667.4942057033027           78.3010793561388            849           260           27 
 114           1534.989857864043           104.4282526382236          -674.54467731516             77.95171986739375           849           261           31 
 115           1497.142552232552           104.4283251694738          -678.376981878412            77.58893292502644           833           268           29 
 116           1462.04836906415            104.4282129426533          -678.162401940481            77.2767995471483            831           271           31 
 117           1406.294924366476           104.4335646700633          -682.5717276305441           76.87095445659224           831           261           56 
 118           1321.2976925337             104.4535389936801          -703.6636375284961           76.36618436603617           831           253           83 
 119           1228.002213956484           104.4632710366096          -737.5662055688787           75.81071427547988           831           248           85 
 120           1138.739204213357           104.4634565100551          -779.8594901432766           75.25518418492361           831           243           85 
 121           1050.994974778061           104.453381068372           -832.149705086693            74.69969909436732           831           237           84 
 122           975.0284791149076           104.4452235515465          -888.3685689475705           74.16416025381136           831           231           75 
 123           907.6814508138644           104.446235815377           -952.0308966718344           73.64282641325526           831           224           76 
 124           845.1995361423512           104.4484407539854          -1023.509989423625           73.11326882269925           831           220           78 
 125           785.7700074742147           104.4472767801908          -1098.719033243388           72.58042623214324           831           218           77 
 126           728.9402581216683           104.447691915373           -1174.397836361258           72.05209114158734           831           217           78 
 127           672.2124829944982           104.450077946251           -1252.5304326906             71.51652980103133           831           216           80 
 128           615.1407490199812           104.4525986748706          -1333.410356445221           70.9715934604753            831           215           83 
 129           557.8163219189087           104.454389396999           -1416.754517576361           70.41792336991915           831           215           85 
 130           500.4397934988466           104.4517774234335          -1499.477225887558           69.8664470293631            831           216           82 
 131           443.3892012689821           104.4494929919011          -1579.531322616086           69.32430068880704           831           216           80 
 132           383.3931316263751           104.4558554743616          -1661.391642201204           68.77705809825092           831           217           85 
 133           324.5054637214643           104.4566309709244          -1740.854700900783           68.22152800769463           831           217           85 
 134           264.3634104740426           103.8104625147342          -1822.386494891302           67.6660359176384            831           217           84 
 135           204.9268777925512           84.29241646571124          -1903.833111526425           67.1123508243855            831           216           85 
 136           147.5227789767871           63.6698502892666           -1984.318022534917           66.55835509546948           831           216           85 
 137           89.58005748238938           42.61741432764026          -2067.632494818276           66.00692436601266           831           215           80 
 138           45.53214081274172           22.38733766164411          -2132.992758682331           65.52951113102937           831           214           49 
 139           19.55046222898018           1.761116064708196          -2173.708126902833           65.15035914061956           831           212           23 
 140           18.36253640178712           4.094587807730711          -2175.64780718097            65.06727623774624           831           211          -5 
 141           15.36190197263833           24.71040335541395          -2177.96024720541            64.7963363270833            831           230           14 
 142          -17.48627704370016           45.33477999105801          -2195.636635173533           64.4448914211812            831           250           41 
 143          -85.51183925656626           60.71505878774458          -2211.193881348858           63.99873603296901           831           263           67 
 144          -180.5177180049028           60.73997770418296          -2215.987550296958           63.46459247078592           831           271           85 
 145          -278.3286453139428           60.74030547346237          -2209.571173416682           62.91124890860274           831           277           85 
 146          -374.7594872534636           60.74030547346237          -2192.143363775125           62.35790534641957           831           284           85 
 147          -468.6087477407261           60.73984695959651          -2163.924948151005           61.8045617842364            831           290           85 
 148          -557.2006548573087           60.71558887583468          -2126.881584203758           61.26809322205332           831           296           69 
 149          -625.6832406741747           60.71003215914897          -2088.733153229485           60.7957084098703            831           302           60 
 150          -696.4661536747628           61.3265371210443           -2041.732123711624           60.3010177561876            831           305           75 
 151          -770.3559502947082           81.94500695677365          -1990.243082267165           59.78861175671005           831           306           68 
 152          -833.857086356627            100.0308421198875          -1945.293363789636           59.31671735422142           831           306           53 
 153          -882.4235883288978           120.6512535440347          -1910.317213530174           58.898817857423             831           307           40 
 154          -922.2862047255065           132.3659328875685          -1880.175915552706           58.5083574912504            831           310           38 
 155          -959.1707373063576           132.3658866973542          -1846.458196553163           58.11773568260895           830           315           38 
 156          -1001.245602421851           132.3728477956645          -1802.794363712153           57.7002076239675            798           318           56 
 157          -1040.710805767378           132.3659998927171          -1755.081101249198           57.27037956532602           781           325           38 
 158          -1069.269070540941           132.3683307680027          -1707.008679899482           56.86269150668464           781           332           47 
 159          -1099.98308768094            132.3720791003             -1647.469874497856           56.42238219804317           740           335           55 
 160          -1124.963418561908           132.3776976625496          -1585.62234907384            56.02043139261152           721           341           64 
 161          -1155.139868327364           132.4010127619123          -1497.42230200329            55.49281833397005           721           341           85 
 162          -1183.660823770234           132.4052346419125          -1417.9596510857             55.01386127853838           721           340           85 
 163          -1218.338163550907           132.4052346419125          -1328.354037369384           54.4569344698969            721           339           85 
 164          -1256.185045910615           132.4052346419125          -1237.911115923175           53.90000766125542           721           337           85 
 165          -1296.80680814868            132.3964915899836          -1147.850830460971           53.34308085261394           721           335           85 
 166          -1338.819940742181           132.3851348954063          -1061.432876868205           52.8052077939725            721           333           74 
 167          -1383.599939239917           132.3877903393188          -979.808723143509            52.27850973533105           721           330           77 
 168          -1431.728429003522           132.3834400459641          -902.8994587078144           51.76063167668961           721           327           72 
 169          -1478.384753976074           132.3733825425498          -833.8128781789296           51.26828736804813           721           326           58 
 170          -1516.203994409261           132.3680726328548          -781.20915955584             50.83465305940667           708           324           46 
 171          -1560.24002305174            132.3807243666407          -723.3555020752225           50.37614500076526           708           323           68 
 172          -1619.372840681692           132.4047761280462          -648.4700283984307           49.83815194212381           708           322           85 
 173          -1681.065422118332           132.4052346419121          -572.243875397292            49.28122513348233           708           321           85 
 174          -1743.89318551772            132.402268160441           -496.4504771314926           48.72429832484085           708           321           85 
 175          -1808.196612410387           131.7556689068071          -420.7013681000902           48.16737201669935           708           320           85 
 176          -1873.41586712844            112.2365465640508          -345.669098909589            47.61095145541218           708           319           85 
 177          -1938.637766351573           91.6115465640511           -272.3891803815903           47.05555900883375           708           319           85 
 178          -2004.713916583757           70.98654656405138          -199.8785951664131           46.50119781225531           708           318           85 
 179          -2072.081453686493           50.3513552720834           -127.673026999279            45.94787161544851           708           317           84 
 180          -2132.754690791996           29.70394846033856          -64.3338185394787            45.44454041495688           708           316           56 
 181          -2171.957387726081           9.071911215624761          -25.21016860954976           45.04383170854582           708           314           28 
 182          -2181.629631568093           1.618357430689668          -16.01850845862024           44.87894069006412           708           313          -3 
 183          -2178.749293476967           22.2401920308361           -18.67807656177375           44.6150770286815            708           331           3 
 184          -2181.65665038694            42.86087772870638          -1.57566730545481            44.31709961940967           708           2             22 
 185          -2170.76774988111            63.48835795341334           38.45628677085243           43.9524659626052            708           26            40 
 186          -2132.753264665017           80.57511096179127           90.27272860854933           43.52119778321612           708           45            59 
 187          -2065.8865901107             80.59105805468145           142.3698703339026           43.02395494216362           708           58            77 
 188          -1978.782262368691           80.60682823316601           187.5167552284152           42.47410710111105           708           67            85 
 189          -1884.917037217931           80.59609353766726           219.5576567889631           41.92037801005846           708           76            83 
 190          -1792.103943656938           80.58765252605696           235.977547246537            41.390007669006             708           85            75 
 191          -1701.459077077162           80.58744689384612           238.0914182035121           40.87303232795344           708           93            74 
 192          -1610.378327515742           80.587859008531             230.9426033152835           40.3537057369009            708           97            75 
 193          -1519.737388980906           80.58729322786657           219.482021684023            39.83445039584833           708           98            74 
 194          -1431.077687110621           80.58480268945012           206.5627751727774           39.32164505479578           708           99            71 
 195          -1345.13160114572            80.58323205456618           193.035248984904            38.81803096374325           708           100           70 
 196          -1254.851449229251           80.59346771425344           178.9241985670031           38.29835937269074           708           99            80 
 197          -1157.91760871569            80.59188756574991           164.6798805224602           37.75392278163827           708           99            79 
 198          -1067.475353038945           80.58558516031722           152.2597174838667           37.23497869058577           708           98            72 
 199          -978.4793543863474           80.58734439668997           141.042211019143            36.72172334953322           708           97            74 
 200          -886.978041166632            80.58948804114282           130.493837063775            36.19967800848075           708           97            76 
 201          -794.5749763872647           80.58948804114282           120.0526995863957           35.6744039174283            708           97            76 
 202          -702.2254008833246           80.58948804114282           109.1486405504874           35.14912982637585           708           97            76 
 203          -609.9319716138114           80.58948804114282           97.77914131383153           34.6238557353234            708           98            76 
 204          -517.6970343738676           80.58948804114282           85.94449085166934           34.09858164427094           708           98            76 
 205          -427.2109218517087           80.5819451392837            73.86954295527876           33.57963755321845           708           98            69 
 206          -349.322662204277            80.57644686163501           62.97343523149363           33.10430221216596           708           99            61 
 207          -274.5507523230918           80.5697839401154            48.8622527914486            32.6370031211135            708           106           51 
 208          -229.755813271539            80.5633556076516            31.81719943283213           32.25336278006097           708           118           21 
 209          -212.7798021172048           80.56490767250654           21.8797555274154            31.9472386890085            708           123           11 
 210          -197.4635294696646           80.56382964974712           11.74680824778496           31.64459084795598           683           124           16 
 211          -180.585717532762            80.56504675566447           1.057335802883378           31.33765300690347           683           123           11 
 212          -164.1264942017691           80.56377399392767          -10.05831254874246           31.03103766585095           659           125           17 
 213          -145.6794637439175           80.56401292363422          -22.24462752098695           30.71846357479843           636           123           15 
 214          -124.118637501718            80.56347071224097          -35.55001092420163           30.39727573374592           626           122           20 
 215          -99.85654464363175           80.56338096119248          -50.4708443480702            30.0676016426934            584           122           28 
 216          -66.28468339524962           80.56329522461556          -70.8663995787216            29.70867005164092           567           120           22 
 217          -42.28208909385726           80.56323321573592          -83.51852373765777           29.38266721058844           530           117           24 
 218          -4.575404183470466           80.56496990028371          -103.0641654280421           29.01481811953595           505           119           38 
 219           33.75967524194327           80.56431193755955          -124.4152192916962           28.68065240123073           480           121           36 
 220           45.03975393020221           80.58400897406955          -130.142537192506            28.36637581017822           480           152          -20 
 221           39.81679137455237           79.72174030074807          -102.2441728483214           28.03448221961045           480           185          -2 
 222           37.3418472765957            59.98248817748043          -122.4537147315086           27.72836562170411           480           187           20 
 223           35.35780092698862           39.35764523707874          -149.330966497945            27.40429463803834           452           183           19 
 224           35.2188216143983            22.32963336842703          -171.8816633319447           27.09309751201402           432           180           19 
 225           34.61169082862398           25.79453808955196          -200.2941771724876           26.76650909787315           420           184           20 
 226           32.56760969061737           25.79454749885472          -223.0036035260525           26.48346022884238           396           188           20 
 227           28.75003219527834           25.79473166924672          -258.169318648137            26.1378008322165            396           182           31 
 228           33.33345684760457           25.79832119534418          -281.862133556325            25.8215376855906            396           145           5 
 229           30.04690560136457           25.80323744442447          -280.9810052611843           25.55704328896471           396           98           -6 
 230           34.0236060300592            25.79529066649914          -277.9078461846133           25.28515764233884           396           53            14 
 231           51.82880969346637           25.79557038937455          -247.9856733671795           24.93953199571294           396           18            36 
 232           52.1287214308183            25.79634020923977          -204.2768570538371           24.56948634908706           396           347           38 
 233           31.63641512982046           25.8033480836346           -142.619908197837            24.13936570246117           396           341           55 
 234           12.01208474596943           25.79848060394197          -80.41952048367584           23.71709326876782           396           345           45 
 235           .5066384820108182           16.35142466377446          -30.30946876867562           23.31880708856728           396           350           32 
 236          -3.220005986075905           0            -3.73996984391208            73.05296057917616           1200          355           0 
 237          -3.220542246421626           0            -3.734150778897585           123.0529605791762           1200          355           0 
 238          -3.221078506767346           0            -3.72833171388309            148.0529605791762           1200          355           0 
